01|35|6.101 - VENDAS FORA ESTADO|1|0|000031|2010-07-05||1|3550308|56991334000129|1|01438784000288||LEROY MERLIN S/A|contabilidarinterlagos@leroymerlin.com.br|R:DOMINGAS GALLETERI BLOTTA,311|311||INTERLAGOS|3550308|SAO PAULO|SP|04455330|1058|BRASIL|55120000|0100138306|||||||||||||||||||
02|1|1303|TUBO EXTEN. FACIL FIX 1,40X2,10 M|789674131303-4|83024900|||6101|PC|25.0000|24.3300|608.25||PC|25.0000|24.3300|0.00|0.00|0.00|||||||0|0||0.00|00|0|3|0.00|608.25|18.00|109.48|0|0.00|0.00|0.00|0.00|0.00|0.00|0.00|||0|50|608.25|||10.00|60.83|0.00|0.00|0.00|0.00|01|608.25|0.65|3.95|0.0000|0.0000|608.25|0.00|0.0000|0.0000|0.00|01|608.25|3.00|18.25|0.00|0.0000|0.00|||||||||||
02|2|6996|MINI VARAL FLY  C/ 12 PREGADORES|789674136996-3|39249000|||6102|PC|10.0000|7.3900|73.90||PC|10.0000|7.3900|0.00|0.00|0.00|||||||0|0||0.00|00|0|3|0.00|73.90|18.00|13.30|0|0.00|0.00|0.00|0.00|0.00|0.00|0.00|||0|52||||||0.00|0.00|0.00|0.00|01|73.90|0.65|0.48|0.0000|0.0000|73.90|0.00|0.0000|0.0000|0.00|01|73.90|3.00|2.22|0.00|0.0000|0.00|||||||||||
02|3|7000|VARAL SANFONADO EM ACO 0,77 m|789674137000-6|73239900|||6101|PC|25.0000|21.7200|543.00||PC|25.0000|21.7200|0.00|0.00|0.00|||||||0|0||0.00|00|0|3|0.00|543.00|18.00|97.74|0|0.00|0.00|0.00|0.00|0.00|0.00|0.00|||0|50|543.00|||10.00|54.30|0.00|0.00|0.00|0.00|01|543.00|0.65|3.53|0.0000|0.0000|543.00|0.00|0.0000|0.0000|0.00|01|543.00|3.00|16.29|0.00|0.0000|0.00|||||||||||
02|4|7006|VARAL MASTER INNOVAR INDIV. 1,20 M|789674137006-8|73239900|||6101|PC|6.0000|84.1000|504.60||PC|6.0000|84.1000|0.00|0.00|0.00|||||||0|0||0.00|00|0|3|0.00|504.60|18.00|90.83|0|0.00|0.00|0.00|0.00|0.00|0.00|0.00|||0|50|504.60|||10.00|50.46|0.00|0.00|0.00|0.00|01|504.60|0.65|3.28|0.0000|0.0000|504.60|0.00|0.0000|0.0000|0.00|01|504.60|3.00|15.14|0.00|0.0000|0.00|||||||||||
02|5|7009|VARAL BRISA DE CHAO EM ACO|789674137009-9|73239900|||6101|PC|12.0000|28.4300|341.16||PC|12.0000|28.4300|0.00|0.00|0.00|||||||0|0||0.00|00|0|3|0.00|341.16|18.00|61.41|0|0.00|0.00|0.00|0.00|0.00|0.00|0.00|||0|50|341.16|||10.00|34.12|0.00|0.00|0.00|0.00|01|341.16|0.65|2.22|0.0000|0.0000|341.16|0.00|0.0000|0.0000|0.00|01|341.16|3.00|10.23|0.00|0.0000|0.00|||||||||||
02|6|7076|VARAL DE CHAO EM ACO|789674137076-1|73239900|||6101|PC|6.0000|56.3000|337.80||PC|6.0000|56.3000|0.00|0.00|0.00|||||||0|0||0.00|00|0|3|0.00|337.80|18.00|60.80|0|0.00|0.00|0.00|0.00|0.00|0.00|0.00|||0|50|337.80|||10.00|33.78|0.00|0.00|0.00|0.00|01|337.80|0.65|2.20|0.0000|0.0000|337.80|0.00|0.0000|0.0000|0.00|01|337.80|3.00|10.13|0.00|0.0000|0.00|||||||||||
02|7|7082|VARAL DE TETO ITACARE 1,40 M|789674137082-2|76151900|||6401|PC|10.0000|58.6600|586.60||PC|10.0000|58.6600|0.00|0.00|0.00|||||||0|0||0.00|10|0|3|0.00|586.60|18.00|105.59|4|0.00|0.00|58.00|183.51|0.00|0.00|0.00|||0|50|586.60|||10.00|58.66|0.00|0.00|0.00|0.00|01|586.60|0.65|3.81|0.0000|0.0000|586.60|0.00|0.0000|0.0000|0.00|01|586.60|3.00|17.60|0.00|0.0000|0.00|||||||||||
02|8|7093|VARAL DE TETO EM ACO 1,40X0,56 M|789674137093-8|73239900|||6101|PC|10.0000|24.6900|246.90||PC|10.0000|24.6900|0.00|0.00|0.00|||||||0|0||0.00|00|0|3|0.00|246.90|18.00|44.44|0|0.00|0.00|0.00|0.00|0.00|0.00|0.00|||0|50|246.90|||10.00|24.69|0.00|0.00|0.00|0.00|01|246.90|0.65|1.60|0.0000|0.0000|246.90|0.00|0.0000|0.0000|0.00|01|246.90|3.00|7.41|0.00|0.0000|0.00|||||||||||
02|9|7203|VARAL PAREDE ARRAIAL DO CABO 0,77|789674137203-1|76151900|||6401|PC|5.0000|43.6900|218.45||PC|5.0000|43.6900|0.00|0.00|0.00|||||||0|0||0.00|10|0|3|0.00|218.45|18.00|39.32|4|0.00|0.00|58.00|68.34|0.00|0.00|0.00|||0|50|218.45|||10.00|21.85|0.00|0.00|0.00|0.00|01|218.45|0.65|1.42|0.0000|0.0000|218.45|0.00|0.0000|0.0000|0.00|01|218.45|3.00|6.55|0.00|0.0000|0.00|||||||||||
02|10|7266|VARAL STENDMAX 2 MODULOS REGUL.6,0M|789674137266-6|39249000|||6101|PC|6.0000|32.1500|192.90||PC|6.0000|32.1500|0.00|0.00|0.00|||||||0|0||0.00|00|0|3|0.00|192.90|18.00|34.72|0|0.00|0.00|0.00|0.00|0.00|0.00|0.00|||0|50|192.90|||10.00|19.29|0.00|0.00|0.00|0.00|01|192.90|0.65|1.25|0.0000|0.0000|192.90|0.00|0.0000|0.0000|0.00|01|192.90|3.00|5.79|0.00|0.0000|0.00|||||||||||
02|11|7267|VARAL STENDMAX 3 MODULOS REGUL.6,0M|789674137267-3|39249000|||6101|PC|12.0000|43.6000|523.20||PC|12.0000|43.6000|0.00|0.00|0.00|||||||0|0||0.00|00|0|3|0.00|523.20|18.00|94.18|0|0.00|0.00|0.00|0.00|0.00|0.00|0.00|||0|50|523.20|||10.00|52.32|0.00|0.00|0.00|0.00|01|523.20|0.65|3.40|0.0000|0.0000|523.20|0.00|0.0000|0.0000|0.00|01|523.20|3.00|15.70|0.00|0.0000|0.00|||||||||||
02|12|7272|VARAL AUTOMATICO C/ 5 CORDAS|789674137272-7|39249000|||6102|PC|6.0000|17.5900|105.54||PC|6.0000|17.5900|0.00|0.00|0.00|||||||0|0||0.00|00|1|3|0.00|105.54|18.00|19.00|0|0.00|0.00|0.00|0.00|0.00|0.00|0.00|||0|50|105.54|||10.00|10.55|0.00|0.00|0.00|0.00|01|105.54|0.65|0.69|0.0000|0.0000|105.54|0.00|0.0000|0.0000|0.00|01|105.54|3.00|3.17|0.00|0.0000|0.00|||||||||||
03|4282.30|770.81|1399.18|106.94|4282.30|0.00|0.00|0.00|0.00|420.85|0.00|0.00|0.00|4810.09|0.00|0.00|0.00|0.00|0.00|0.00|0.00|0.00|0.00|0.00|0.00|0.00||||233544||0|||NOSSO CARRO|ISENTO|||SP|0.00|0.00|0.00|0.00|6101|1200054|||||||18|Volumes com Ferragens|LEROY INTE|001/018 a 018/018|157|145||000031|4810.09|0.00|4810.09|000031/1|2010-11-10|4810.09|000031/1|2010-11-10|4810.09|
04|MERCADORIA COM REDESPACHO PELO OPERADOR LOGISTICO: ID DO BRASIL LOGISTICA LTDA CNPJ: 04416849/0004-44 E  E.I. 165697-0 NO ENDERECO: AV: 31 MARCO,2350 ESQ. COM AV: TABOAO VIL. FLORIDA - SAO BERNARDO - CEP: 09660 000 - SP
99|||||||