01|35|5.101 - VENDA DENT ESTADO|1|0|000033|2010-07-05||1|3550308|56991334000129|1|01438784002302||LEROY MERLIN S/A|contabilidadefornecedorniteroi@leroymerlin.com.br|RUA: CARLOS GOMES,65|65||BARRETO LARGO DO BARRADAS|3304557|RIO DE JANEIRO|RJ|24110075|1058|BRASIL|3568-1000|116175561113|||||||||||||||||||
02|1|6114|PRENDEDOR FUNNY C/ 6 PEÇAS|789674136114-1|39249000|||5102|CT|40.0000|3.1600|126.40||PC|40.0000|3.1600|0.00|0.00|0.00|||||||0|0||0.00|00|0|3|0.00|126.40|12.00|15.17|0|0.00|0.00|0.00|0.00|0.00|0.00|0.00|||0|52||||||0.00|0.00|0.00|0.00|01|126.40|0.65|0.82|0.0000|0.0000|126.40|0.00|0.0000|0.0000|0.00|01|126.40|3.00|3.79|0.00|0.0000|0.00|||||||||||
02|2|6551|VARAL SANFONATTO TUBULAR DE 0,8M|789674136551-4|73239900|||5101|PC|5.0000|43.4100|217.05||PC|5.0000|43.4100|0.00|0.00|0.00|||||||0|0||0.00|00|0|3|0.00|217.05|12.00|26.05|0|0.00|0.00|0.00|0.00|0.00|0.00|0.00|||0|50|217.05|||10.00|21.71|0.00|0.00|0.00|0.00|01|217.05|0.65|1.41|0.0000|0.0000|217.05|0.00|0.0000|0.0000|0.00|01|217.05|3.00|6.51|0.00|0.0000|0.00|||||||||||
02|3|6872|VARAL DE TETO IPANEMA 1,20M|789674136872-0|73239900|||5101|PC|20.0000|28.8200|576.40||PC|20.0000|28.8200|0.00|0.00|0.00|||||||0|0||0.00|00|0|3|0.00|576.40|12.00|69.17|0|0.00|0.00|0.00|0.00|0.00|0.00|0.00|||0|50|576.40|||10.00|57.64|0.00|0.00|0.00|0.00|01|576.40|0.65|3.75|0.0000|0.0000|576.40|0.00|0.0000|0.0000|0.00|01|576.40|3.00|17.29|0.00|0.0000|0.00|||||||||||
02|4|6999|VARAL SANFONADO EM ACO 1,00 M|789674136999-4|73239900|||5101|PC|5.0000|20.6000|103.00||PC|5.0000|20.6000|0.00|0.00|0.00|||||||0|0||0.00|00|0|3|0.00|103.00|12.00|12.36|0|0.00|0.00|0.00|0.00|0.00|0.00|0.00|||0|50|103.00|||10.00|10.30|0.00|0.00|0.00|0.00|01|103.00|0.65|0.67|0.0000|0.0000|103.00|0.00|0.0000|0.0000|0.00|01|103.00|3.00|3.09|0.00|0.0000|0.00|||||||||||
02|5|7002|VARAL CHAO EM ACO BUTTERFLY|789674137002-0|73239900|||5101|PC|20.0000|55.0400|1100.80||PC|20.0000|55.0400|0.00|0.00|0.00|||||||0|0||0.00|00|0|3|0.00|1100.80|12.00|132.10|0|0.00|0.00|0.00|0.00|0.00|0.00|0.00|||0|50|1100.80|||10.00|110.08|0.00|0.00|0.00|0.00|01|1100.80|0.65|7.16|0.0000|0.0000|1100.80|0.00|0.0000|0.0000|0.00|01|1100.80|3.00|33.02|0.00|0.0000|0.00|||||||||||
02|6|7004|VARAL DE CHAO RENOVAR C/ ASAS|789674137004-4|73239900|||5101|PC|10.0000|36.3800|363.80||PC|10.0000|36.3800|0.00|0.00|0.00|||||||0|0||0.00|00|0|3|0.00|363.80|12.00|43.66|0|0.00|0.00|0.00|0.00|0.00|0.00|0.00|||0|50|363.80|||10.00|36.38|0.00|0.00|0.00|0.00|01|363.80|0.65|2.36|0.0000|0.0000|363.80|0.00|0.0000|0.0000|0.00|01|363.80|3.00|10.91|0.00|0.0000|0.00|||||||||||
02|7|7009|VARAL BRISA DE CHAO EM ACO|789674137009-9|73239900|||5101|PC|6.0000|26.4900|158.94||PC|6.0000|26.4900|0.00|0.00|0.00|||||||0|0||0.00|00|0|3|0.00|158.94|12.00|19.07|0|0.00|0.00|0.00|0.00|0.00|0.00|0.00|||0|50|158.94|||10.00|15.89|0.00|0.00|0.00|0.00|01|158.94|0.65|1.03|0.0000|0.0000|158.94|0.00|0.0000|0.0000|0.00|01|158.94|3.00|4.77|0.00|0.0000|0.00|||||||||||
02|8|7074|VARAL DE PISO PORTO SEGURO|789674137074-7|73239900|||5101|PC|12.0000|82.9100|994.92||PC|12.0000|82.9100|0.00|0.00|0.00|||||||0|0||0.00|00|0|3|0.00|994.92|12.00|119.39|0|0.00|0.00|0.00|0.00|0.00|0.00|0.00|||0|50|994.92|||10.00|99.49|0.00|0.00|0.00|0.00|01|994.92|0.65|6.47|0.0000|0.0000|994.92|0.00|0.0000|0.0000|0.00|01|994.92|3.00|29.85|0.00|0.0000|0.00|||||||||||
02|9|7075|VARAL DE PISO MARESIAS|789674137075-4|73239900|||5101|PC|3.0000|100.6900|302.07||PC|3.0000|100.6900|0.00|0.00|0.00|||||||0|0||0.00|00|0|3|0.00|302.07|12.00|36.25|0|0.00|0.00|0.00|0.00|0.00|0.00|0.00|||0|50|302.07|||10.00|30.21|0.00|0.00|0.00|0.00|01|302.07|0.65|1.96|0.0000|0.0000|302.07|0.00|0.0000|0.0000|0.00|01|302.07|3.00|9.06|0.00|0.0000|0.00|||||||||||
02|10|7085|VARAL DE TETO ITACARE 1,40 M|789674137085-3|76151900|||5101|PC|10.0000|56.4100|564.10||PC|10.0000|56.4100|0.00|0.00|0.00|||||||0|0||0.00|00|0|3|0.00|564.10|12.00|67.69|0|0.00|0.00|0.00|0.00|0.00|0.00|0.00|||0|50|564.10|||10.00|56.41|0.00|0.00|0.00|0.00|01|564.10|0.65|3.67|0.0000|0.0000|564.10|0.00|0.0000|0.0000|0.00|01|564.10|3.00|16.92|0.00|0.0000|0.00|||||||||||
02|11|7091|VARAL DE TETO EM ACO 0,90X0,56 M|789674137091-4|73239900|||5101|PC|20.0000|17.7400|354.80||PC|20.0000|17.7400|0.00|0.00|0.00|||||||0|0||0.00|00|0|3|0.00|354.80|12.00|42.58|0|0.00|0.00|0.00|0.00|0.00|0.00|0.00|||0|50|354.80|||10.00|35.48|0.00|0.00|0.00|0.00|01|354.80|0.65|2.31|0.0000|0.0000|354.80|0.00|0.0000|0.0000|0.00|01|354.80|3.00|10.64|0.00|0.0000|0.00|||||||||||
02|12|7092|VARAL DE TETO EM ACO 1,20X0,56 M|789674137092-1|73239900|||5101|PC|20.0000|19.1300|382.60||PC|20.0000|19.1300|0.00|0.00|0.00|||||||0|0||0.00|00|0|3|0.00|382.60|12.00|45.91|0|0.00|0.00|0.00|0.00|0.00|0.00|0.00|||0|50|382.60|||10.00|38.26|0.00|0.00|0.00|0.00|01|382.60|0.65|2.49|0.0000|0.0000|382.60|0.00|0.0000|0.0000|0.00|01|382.60|3.00|11.48|0.00|0.0000|0.00|||||||||||
02|13|7115|VARAL DE PISO ITAUANAS|789674137115-7|76151900|||5101|PC|20.0000|84.1700|1683.40||PC|20.0000|84.1700|0.00|0.00|0.00|||||||0|0||0.00|00|0|3|0.00|1683.40|12.00|202.01|0|0.00|0.00|0.00|0.00|0.00|0.00|0.00|||0|50|1683.40|||10.00|168.34|0.00|0.00|0.00|0.00|01|1683.40|0.65|10.94|0.0000|0.0000|1683.40|0.00|0.0000|0.0000|0.00|01|1683.40|3.00|50.50|0.00|0.0000|0.00|||||||||||
02|14|7203|VARAL PAREDE ARRAIAL DO CABO 0,77|789674137203-1|76151900|||5101|PC|5.0000|40.7100|203.55||PC|5.0000|40.7100|0.00|0.00|0.00|||||||0|0||0.00|00|0|3|0.00|203.55|12.00|24.41|0|0.00|0.00|0.00|0.00|0.00|0.00|0.00|||0|50|203.55|||10.00|20.36|0.00|0.00|0.00|0.00|01|203.55|0.65|1.32|0.0000|0.0000|203.55|0.00|0.0000|0.0000|0.00|01|203.55|3.00|6.11|0.00|0.0000|0.00|||||||||||
02|15|7259|VARAL TOALHEIRO 56 CM|789674137259-8|73239900|||5101|PC|10.0000|17.5700|175.70||PC|10.0000|17.5700|0.00|0.00|0.00|||||||0|0||0.00|00|0|3|0.00|175.70|12.00|21.08|0|0.00|0.00|0.00|0.00|0.00|0.00|0.00|||0|50|175.70|||10.00|17.57|0.00|0.00|0.00|0.00|01|175.70|0.65|1.14|0.0000|0.0000|175.70|0.00|0.0000|0.0000|0.00|01|175.70|3.00|5.27|0.00|0.0000|0.00|||||||||||
03|7307.53|876.90|0.00|0.00|7307.53|0.00|0.00|0.00|0.00|718.12|0.00|0.00|0.00|8025.65|0.00|0.00|0.00|0.00|0.00|0.00|0.00|0.00|0.00|0.00|0.00|0.00||||233544||0|||NOSSO CARRO|ISENTO|||SP|0.00|0.00|0.00|0.00|5101|1200054|||||||25|Volumes com Ferragens|LEROY NITE|001/025 a 025/025|288|265||000033|8025.65|0.00|8025.65|000033/1|2010-11-10|8025.65|000033/1|2010-11-10|8025.65|
04|MERCADORIA COM REDESPACHO PELO OPERADOR LOGISTICO: ID DO BRASIL LOGISTICA LTDA CNPJ: 04416849/0004-44 E  E.I. 165697-0 NO ENDERECO: AV: 31 MARCO,2350 ESQ. COM AV: TABOAO VIL. FLORIDA - SAO BERNARDO - CEP: 09660 000 - SP
99|||||||