01|35|5.101 - VENDA DENT ESTADO|1|0|000035|2010-07-05||1|3550308|56991334000129|1|01438784001250||LEROY MERLIN S/A|contabilidaderiobarra@leroymerlin.com.br|AV: AIRTON SENNA,2000|2000||BARRA DA TIJUCA|3304557|RIO DE JANEIRO|RJ|22775003|1058|BRASIL|3106-0392|78725265|||||||||||||||||||
02|1|1331|TUBO EXTEN.PRONTO FIX 0,75 A 0,88 M|789674131331-7|83024900|||5101|PC|25.0000|7.1800|179.50||PC|25.0000|7.1800|0.00|0.00|0.00|||||||0|0||0.00|00|0|3|0.00|179.50|12.00|21.54|0|0.00|0.00|0.00|0.00|0.00|0.00|0.00|||0|50|179.50|||10.00|17.95|0.00|0.00|0.00|0.00|01|179.50|0.65|1.17|0.0000|0.0000|179.50|0.00|0.0000|0.0000|0.00|01|179.50|3.00|5.39|0.00|0.0000|0.00|||||||||||
02|2|1336|TUBO EXTEN.PRONTO FIX 1,50 A 1,63 M|789674131336-2|83024900|||5101|PC|25.0000|9.9400|248.50||PC|25.0000|9.9400|0.00|0.00|0.00|||||||0|0||0.00|00|0|3|0.00|248.50|12.00|29.84|0|0.00|0.00|0.00|0.00|0.00|0.00|0.00|||0|50|248.50|||10.00|24.85|0.00|0.00|0.00|0.00|01|248.50|0.65|1.62|0.0000|0.0000|248.50|0.00|0.0000|0.0000|0.00|01|248.50|3.00|7.46|0.00|0.0000|0.00|||||||||||
02|3|6114|PRENDEDOR FUNNY C/ 6 PEÇAS|789674136114-1|39249000|||5102|CT|20.0000|3.1600|63.20||PC|20.0000|3.1600|0.00|0.00|0.00|||||||0|0||0.00|00|0|3|0.00|63.20|12.00|7.58|0|0.00|0.00|0.00|0.00|0.00|0.00|0.00|||0|52||||||0.00|0.00|0.00|0.00|01|63.20|0.65|0.41|0.0000|0.0000|63.20|0.00|0.0000|0.0000|0.00|01|63.20|3.00|1.90|0.00|0.0000|0.00|||||||||||
02|4|7001|VARAL PORTATIL DE CHAO EM ACO|789674137001-3|73239900|||5101|PC|10.0000|37.5500|375.50||PC|10.0000|37.5500|0.00|0.00|0.00|||||||0|0||0.00|00|0|3|0.00|375.50|12.00|45.06|0|0.00|0.00|0.00|0.00|0.00|0.00|0.00|||0|50|375.50|||10.00|37.55|0.00|0.00|0.00|0.00|01|375.50|0.65|2.44|0.0000|0.0000|375.50|0.00|0.0000|0.0000|0.00|01|375.50|3.00|11.27|0.00|0.0000|0.00|||||||||||
02|5|7002|VARAL CHAO EM ACO BUTTERFLY|789674137002-0|73239900|||5101|PC|5.0000|55.0400|275.20||PC|5.0000|55.0400|0.00|0.00|0.00|||||||0|0||0.00|00|0|3|0.00|275.20|12.00|33.02|0|0.00|0.00|0.00|0.00|0.00|0.00|0.00|||0|50|275.20|||10.00|27.52|0.00|0.00|0.00|0.00|01|275.20|0.65|1.79|0.0000|0.0000|275.20|0.00|0.0000|0.0000|0.00|01|275.20|3.00|8.26|0.00|0.0000|0.00|||||||||||
02|6|7004|VARAL DE CHAO RENOVAR C/ ASAS|789674137004-4|73239900|||5101|PC|30.0000|36.3800|1091.40||PC|30.0000|36.3800|0.00|0.00|0.00|||||||0|0||0.00|00|0|3|0.00|1091.40|12.00|130.97|0|0.00|0.00|0.00|0.00|0.00|0.00|0.00|||0|50|1091.40|||10.00|109.14|0.00|0.00|0.00|0.00|01|1091.40|0.65|7.09|0.0000|0.0000|1091.40|0.00|0.0000|0.0000|0.00|01|1091.40|3.00|32.74|0.00|0.0000|0.00|||||||||||
02|7|7080|VARAL DE TETO ITACARE 0,90 M|789674137080-8|76151900|||5101|PC|10.0000|41.0700|410.70||PC|10.0000|41.0700|0.00|0.00|0.00|||||||0|0||0.00|00|0|3|0.00|410.70|12.00|49.28|0|0.00|0.00|0.00|0.00|0.00|0.00|0.00|||0|50|410.70|||10.00|41.07|0.00|0.00|0.00|0.00|01|410.70|0.65|2.67|0.0000|0.0000|410.70|0.00|0.0000|0.0000|0.00|01|410.70|3.00|12.32|0.00|0.0000|0.00|||||||||||
02|8|7085|VARAL DE TETO ITACARE 1,40 M|789674137085-3|76151900|||5101|PC|10.0000|56.4100|564.10||PC|10.0000|56.4100|0.00|0.00|0.00|||||||0|0||0.00|00|0|3|0.00|564.10|12.00|67.69|0|0.00|0.00|0.00|0.00|0.00|0.00|0.00|||0|50|564.10|||10.00|56.41|0.00|0.00|0.00|0.00|01|564.10|0.65|3.67|0.0000|0.0000|564.10|0.00|0.0000|0.0000|0.00|01|564.10|3.00|16.92|0.00|0.0000|0.00|||||||||||
02|9|7116|VARAL DE PISO UBATUBA|789674137116-4|76151900|||5101|PC|5.0000|128.0400|640.20||PC|5.0000|128.0400|0.00|0.00|0.00|||||||0|0||0.00|00|0|3|0.00|640.20|12.00|76.82|0|0.00|0.00|0.00|0.00|0.00|0.00|0.00|||0|50|640.20|||10.00|64.02|0.00|0.00|0.00|0.00|01|640.20|0.65|4.16|0.0000|0.0000|640.20|0.00|0.0000|0.0000|0.00|01|640.20|3.00|19.21|0.00|0.0000|0.00|||||||||||
02|10|7204|VARAL PAREDE ARRAIAL DO CABO 1,0M|789674137204-8|76151900|||5101|PC|5.0000|45.5500|227.75||PC|5.0000|45.5500|0.00|0.00|0.00|||||||0|0||0.00|00|0|3|0.00|227.75|12.00|27.33|0|0.00|0.00|0.00|0.00|0.00|0.00|0.00|||0|50|227.75|||10.00|22.78|0.00|0.00|0.00|0.00|01|227.75|0.65|1.48|0.0000|0.0000|227.75|0.00|0.0000|0.0000|0.00|01|227.75|3.00|6.83|0.00|0.0000|0.00|||||||||||
02|11|7205|VARAL AREDE ARRAIAL DO CABO 0,77M|789674137205-5|76151900|||5101|PC|5.0000|41.9000|209.50||PC|5.0000|41.9000|0.00|0.00|0.00|||||||0|0||0.00|00|0|3|0.00|209.50|12.00|25.14|0|0.00|0.00|0.00|0.00|0.00|0.00|0.00|||0|50|209.50|||10.00|20.95|0.00|0.00|0.00|0.00|01|209.50|0.65|1.36|0.0000|0.0000|209.50|0.00|0.0000|0.0000|0.00|01|209.50|3.00|6.29|0.00|0.0000|0.00|||||||||||
02|12|7259|VARAL TOALHEIRO 56 CM|789674137259-8|73239900|||5101|PC|10.0000|17.5700|175.70||PC|10.0000|17.5700|0.00|0.00|0.00|||||||0|0||0.00|00|0|3|0.00|175.70|12.00|21.08|0|0.00|0.00|0.00|0.00|0.00|0.00|0.00|||0|50|175.70|||10.00|17.57|0.00|0.00|0.00|0.00|01|175.70|0.65|1.14|0.0000|0.0000|175.70|0.00|0.0000|0.0000|0.00|01|175.70|3.00|5.27|0.00|0.0000|0.00|||||||||||
03|4461.25|535.35|0.00|0.00|4461.25|0.00|0.00|0.00|0.00|439.81|0.00|0.00|0.00|4901.06|0.00|0.00|0.00|0.00|0.00|0.00|0.00|0.00|0.00|0.00|0.00|0.00||||233544||0|||NOSSO CARRO|ISENTO|||SP|0.00|0.00|0.00|0.00|5101|1200054|||||||17|Volumes com Ferragens|LEROY BARR|001/017 a 017/017|219|201||000035|4901.06|0.00|4901.06|000035/1|2010-11-10|4901.06|000035/1|2010-11-10|4901.06|
04|MERCADORIA COM REDESPACHO PELO OPERADOR LOGISTICO: ID DO BRASIL LOGISTICA LTDA CNPJ: 04416849/0004-44 E  E.I. 165697-0 NO ENDERECO: AV: 31 MARCO,2350 ESQ. COM AV: TABOAO VIL. FLORIDA - SAO BERNARDO - CEP: 09660 000 - SP
99|||||||