01|35|5.101 - VENDA DENT ESTADO|1|0|000045|2010-07-05||1|3550308|56991334000129|1|66533696000120||HM SUPERMERCADOS LTDA|conferenciajurema@emporiumsaopaulo.com.br|AV. JUREMA, 271|271||MOEMA|3550308|SAO PAULO|SP|04079001|1058|BRASIL||271035196|||||||||||||||||||
02|1|3208|SUPORTE PARA VASSOURAS|789674133208-0|73239900|||5102|PC|24.0000|6.6100|158.64||PC|24.0000|6.6100|0.00|0.00|0.00|||||||0|0||0.00|00|0|3|0.00|158.64|18.00|28.56|0|0.00|0.00|0.00|0.00|0.00|0.00|0.00|||0|52||||||0.00|0.00|0.00|0.00|01|158.64|0.65|1.03|0.0000|0.0000|158.64|0.00|0.0000|0.0000|0.00|01|158.64|3.00|4.76|0.00|0.0000|0.00|||||||||||
02|2|3210|CAPA PROTETORA EDREDOM|789674133210-3|63079090|||5102|PC|12.0000|6.7100|80.52||PC|12.0000|6.7100|0.00|0.00|0.00|||||||0|0||0.00|00|0|3|0.00|80.52|18.00|14.49|0|0.00|0.00|0.00|0.00|0.00|0.00|0.00|||0|52||||||0.00|0.00|0.00|0.00|01|80.52|0.65|0.52|0.0000|0.0000|80.52|0.00|0.0000|0.0000|0.00|01|80.52|3.00|2.42|0.00|0.0000|0.00|||||||||||
02|3|3211|CAPA PROTETORA OBJETOS|789674133211-0|63079090|||5102|PC|12.0000|5.7000|68.40||PC|12.0000|5.7000|0.00|0.00|0.00|||||||0|0||0.00|00|0|3|0.00|68.40|18.00|12.31|0|0.00|0.00|0.00|0.00|0.00|0.00|0.00|||0|52||||||0.00|0.00|0.00|0.00|01|68.40|0.65|0.44|0.0000|0.0000|68.40|0.00|0.0000|0.0000|0.00|01|68.40|3.00|2.05|0.00|0.0000|0.00|||||||||||
02|4|3213|CAPA PROTETORA ROUPA P/ CABIDE|789674133213-4|39249000|||5102|PC|12.0000|7.6200|91.44||PC|12.0000|7.6200|0.00|0.00|0.00|||||||0|0||0.00|00|0|3|0.00|91.44|18.00|16.46|0|0.00|0.00|0.00|0.00|0.00|0.00|0.00|||0|52||||||0.00|0.00|0.00|0.00|01|91.44|0.65|0.59|0.0000|0.0000|91.44|0.00|0.0000|0.0000|0.00|01|91.44|3.00|2.74|0.00|0.0000|0.00|||||||||||
02|5|6116|PRENDEDOR GRANDE P/ROUPAS-12PCS|789674136116-5|39249000|||5102|CT|20.0000|1.7800|35.60||PC|20.0000|1.7800|0.00|0.00|0.00|||||||0|0||0.00|00|0|3|0.00|35.60|18.00|6.41|0|0.00|0.00|0.00|0.00|0.00|0.00|0.00|||0|52||||||0.00|0.00|0.00|0.00|01|35.60|0.65|0.23|0.0000|0.0000|35.60|0.00|0.0000|0.0000|0.00|01|35.60|3.00|1.07|0.00|0.0000|0.00|||||||||||
02|6|6119|PRENDEDOR INNOVAR C/ 06 PCS|789674136119-6|39249000|||5102|CT|20.0000|3.0700|61.40||PC|20.0000|3.0700|0.00|0.00|0.00|||||||0|0||0.00|00|0|3|0.00|61.40|18.00|11.05|0|0.00|0.00|0.00|0.00|0.00|0.00|0.00|||0|52||||||0.00|0.00|0.00|0.00|01|61.40|0.65|0.40|0.0000|0.0000|61.40|0.00|0.0000|0.0000|0.00|01|61.40|3.00|1.84|0.00|0.0000|0.00|||||||||||
02|7|7005|VARAL MASTER INNOVAR INDIV. 1,00 M|789674137005-1|73239900|||5101|PC|6.0000|58.0200|348.12||PC|6.0000|58.0200|0.00|0.00|0.00|||||||0|0||0.00|00|0|3|0.00|348.12|18.00|62.66|0|0.00|0.00|0.00|0.00|0.00|0.00|0.00|||0|50|348.12|||10.00|34.81|0.00|0.00|0.00|0.00|01|348.12|0.65|2.26|0.0000|0.0000|348.12|0.00|0.0000|0.0000|0.00|01|348.12|3.00|10.44|0.00|0.0000|0.00|||||||||||
02|8|7006|VARAL MASTER INNOVAR INDIV. 1,20 M|789674137006-8|73239900|||5101|PC|6.0000|58.9700|353.82||PC|6.0000|58.9700|0.00|0.00|0.00|||||||0|0||0.00|00|0|3|0.00|353.82|18.00|63.69|0|0.00|0.00|0.00|0.00|0.00|0.00|0.00|||0|50|353.82|||10.00|35.38|0.00|0.00|0.00|0.00|01|353.82|0.65|2.30|0.0000|0.0000|353.82|0.00|0.0000|0.0000|0.00|01|353.82|3.00|10.61|0.00|0.0000|0.00|||||||||||
02|9|7008|VARAL MASTER INNOVAR indiv. 1,50 m|789674137008-2|73239900|||5101|PC|6.0000|61.9600|371.76||PC|6.0000|61.9600|0.00|0.00|0.00|||||||0|0||0.00|00|0|3|0.00|371.76|18.00|66.92|0|0.00|0.00|0.00|0.00|0.00|0.00|0.00|||0|50|371.76|||10.00|37.18|0.00|0.00|0.00|0.00|01|371.76|0.65|2.42|0.0000|0.0000|371.76|0.00|0.0000|0.0000|0.00|01|371.76|3.00|11.15|0.00|0.0000|0.00|||||||||||
02|10|7261|VARAL STENDMAX 1 MODULO REGUL.4,8 M|789674137261-1|39249000|||5101|PC|6.0000|12.8900|77.34||PC|6.0000|12.8900|0.00|0.00|0.00|||||||0|0||0.00|00|0|3|0.00|77.34|18.00|13.92|0|0.00|0.00|0.00|0.00|0.00|0.00|0.00|||0|50|77.34|||10.00|7.73|0.00|0.00|0.00|0.00|01|77.34|0.65|0.50|0.0000|0.0000|77.34|0.00|0.0000|0.0000|0.00|01|77.34|3.00|2.32|0.00|0.0000|0.00|||||||||||
02|11|9900|PROTETOR DE PIA|789674139900-7|39241000|||5101|PC|20.0000|6.1200|122.40||PC|20.0000|6.1200|0.00|0.00|0.00|||||||0|0||0.00|00|0|3|0.00|122.40|18.00|22.03|0|0.00|0.00|0.00|0.00|0.00|0.00|0.00|||0|50|122.40|||10.00|12.24|0.00|0.00|0.00|0.00|01|122.40|0.65|0.80|0.0000|0.0000|122.40|0.00|0.0000|0.0000|0.00|01|122.40|3.00|3.67|0.00|0.0000|0.00|||||||||||
02|12|9901|PROTETOR DE PIA C/ VENTOSA|789674139901-4|39241000|||5101|PC|20.0000|3.3700|67.40||PC|20.0000|3.3700|0.00|0.00|0.00|||||||0|0||0.00|00|0|3|0.00|67.40|18.00|12.13|0|0.00|0.00|0.00|0.00|0.00|0.00|0.00|||0|50|67.40|||10.00|6.74|0.00|0.00|0.00|0.00|01|67.40|0.65|0.44|0.0000|0.0000|67.40|0.00|0.0000|0.0000|0.00|01|67.40|3.00|2.02|0.00|0.0000|0.00|||||||||||
03|1836.84|330.63|0.00|0.00|1836.84|0.00|0.00|0.00|0.00|134.08|0.00|0.00|0.00|1970.92|0.00|0.00|0.00|0.00|0.00|0.00|0.00|0.00|0.00|0.00|0.00|0.00||||233544||0|10658591000142||RAPIDO MIL TRANSP. LTDA|336874360119|RUA BELA VISTA DO PARAISO 904 ANTIGO 890|GUARULHOS|SP|0.00|0.00|0.00|0.00|5101|3518800|||||||12|Volumes com Ferragens|EMP -1590|001/012 a 012/012|64|60||000045|1970.92|0.00|1970.92|000045/1|2010-08-19|1970.92|
04|
99|||||||