01|35|5.101 - VENDA DENT ESTADO|1|0|000037|2010-07-05||1|3550308|56991334000129|1|01438784000601||LEROY MERLIN S/A|contabilidaderaposo@leroymerlin.com.br|ROD.RAPOSO TAVARES,KM 14,5|5||BUTANTA|3550308|SAO PAULO|SP|05576100|1058|BRASIL|3732-0800|116613718111|||||||||||||||||||
02|1|6114|PRENDEDOR FUNNY C/ 6 PEÇAS|789674136114-1|39249000|||5102|CT|40.0000|3.3900|135.60||PC|40.0000|3.3900|0.00|0.00|0.00|||||||0|0||0.00|00|0|3|0.00|135.60|18.00|24.41|0|0.00|0.00|0.00|0.00|0.00|0.00|0.00|||0|52||||||0.00|0.00|0.00|0.00|01|135.60|0.65|0.88|0.0000|0.0000|135.60|0.00|0.0000|0.0000|0.00|01|135.60|3.00|4.07|0.00|0.0000|0.00|||||||||||
02|2|6894|VARAL DE PAREDE PARATI 0,80M|789674136894-2|73239900|||5101|PC|6.0000|34.3200|205.92||PC|6.0000|34.3200|0.00|0.00|0.00|||||||0|0||0.00|00|0|3|0.00|205.92|18.00|37.07|0|0.00|0.00|0.00|0.00|0.00|0.00|0.00|||0|50|205.92|||10.00|20.59|0.00|0.00|0.00|0.00|01|205.92|0.65|1.34|0.0000|0.0000|205.92|0.00|0.0000|0.0000|0.00|01|205.92|3.00|6.18|0.00|0.0000|0.00|||||||||||
02|3|6992|VARAL PORTATIL BALCONY|789674136992-5|73239900|||5101|PC|10.0000|15.0600|150.60||PC|10.0000|15.0600|0.00|0.00|0.00|||||||0|0||0.00|00|0|3|0.00|150.60|18.00|27.11|0|0.00|0.00|0.00|0.00|0.00|0.00|0.00|||0|50|150.60|||10.00|15.06|0.00|0.00|0.00|0.00|01|150.60|0.65|0.98|0.0000|0.0000|150.60|0.00|0.0000|0.0000|0.00|01|150.60|3.00|4.52|0.00|0.0000|0.00|||||||||||
02|4|6994|VARAL CARROSSEL c/ 12 PREGADORES|789674136994-9|39249000|||5102|PC|20.0000|13.3800|267.60||PC|20.0000|13.3800|0.00|0.00|0.00|||||||0|0||0.00|00|0|3|0.00|267.60|18.00|48.17|0|0.00|0.00|0.00|0.00|0.00|0.00|0.00|||0|52||||||0.00|0.00|0.00|0.00|01|267.60|0.65|1.74|0.0000|0.0000|267.60|0.00|0.0000|0.0000|0.00|01|267.60|3.00|8.03|0.00|0.0000|0.00|||||||||||
02|5|6999|VARAL SANFONADO EM ACO 1,00 M|789674136999-4|73239900|||5101|PC|5.0000|22.1100|110.55||PC|5.0000|22.1100|0.00|0.00|0.00|||||||0|0||0.00|00|0|3|0.00|110.55|18.00|19.90|0|0.00|0.00|0.00|0.00|0.00|0.00|0.00|||0|50|110.55|||10.00|11.06|0.00|0.00|0.00|0.00|01|110.55|0.65|0.72|0.0000|0.0000|110.55|0.00|0.0000|0.0000|0.00|01|110.55|3.00|3.32|0.00|0.0000|0.00|||||||||||
02|6|7000|VARAL SANFONADO EM ACO 0,77 m|789674137000-6|73239900|||5101|PC|5.0000|21.7200|108.60||PC|5.0000|21.7200|0.00|0.00|0.00|||||||0|0||0.00|00|0|3|0.00|108.60|18.00|19.55|0|0.00|0.00|0.00|0.00|0.00|0.00|0.00|||0|50|108.60|||10.00|10.86|0.00|0.00|0.00|0.00|01|108.60|0.65|0.71|0.0000|0.0000|108.60|0.00|0.0000|0.0000|0.00|01|108.60|3.00|3.26|0.00|0.0000|0.00|||||||||||
02|7|7002|VARAL CHAO EM ACO BUTTERFLY|789674137002-0|73239900|||5101|PC|20.0000|59.0600|1181.20||PC|20.0000|59.0600|0.00|0.00|0.00|||||||0|0||0.00|00|0|3|0.00|1181.20|18.00|212.62|0|0.00|0.00|0.00|0.00|0.00|0.00|0.00|||0|50|1181.20|||10.00|118.12|0.00|0.00|0.00|0.00|01|1181.20|0.65|7.68|0.0000|0.0000|1181.20|0.00|0.0000|0.0000|0.00|01|1181.20|3.00|35.44|0.00|0.0000|0.00|||||||||||
02|8|7004|VARAL DE CHAO RENOVAR C/ ASAS|789674137004-4|73239900|||5101|PC|40.0000|39.0400|1561.60||PC|40.0000|39.0400|0.00|0.00|0.00|||||||0|0||0.00|00|0|3|0.00|1561.60|18.00|281.09|0|0.00|0.00|0.00|0.00|0.00|0.00|0.00|||0|50|1561.60|||10.00|156.16|0.00|0.00|0.00|0.00|01|1561.60|0.65|10.15|0.0000|0.0000|1561.60|0.00|0.0000|0.0000|0.00|01|1561.60|3.00|46.85|0.00|0.0000|0.00|||||||||||
02|9|7009|VARAL BRISA DE CHAO EM ACO|789674137009-9|73239900|||5101|PC|6.0000|28.4300|170.58||PC|6.0000|28.4300|0.00|0.00|0.00|||||||0|0||0.00|00|0|3|0.00|170.58|18.00|30.70|0|0.00|0.00|0.00|0.00|0.00|0.00|0.00|||0|50|170.58|||10.00|17.06|0.00|0.00|0.00|0.00|01|170.58|0.65|1.11|0.0000|0.0000|170.58|0.00|0.0000|0.0000|0.00|01|170.58|3.00|5.12|0.00|0.0000|0.00|||||||||||
02|10|7091|VARAL DE TETO EM ACO 0,90X0,56 M|789674137091-4|73239900|||5101|PC|30.0000|19.0400|571.20||PC|30.0000|19.0400|0.00|0.00|0.00|||||||0|0||0.00|00|0|3|0.00|571.20|18.00|102.82|0|0.00|0.00|0.00|0.00|0.00|0.00|0.00|||0|50|571.20|||10.00|57.12|0.00|0.00|0.00|0.00|01|571.20|0.65|3.71|0.0000|0.0000|571.20|0.00|0.0000|0.0000|0.00|01|571.20|3.00|17.14|0.00|0.0000|0.00|||||||||||
02|11|7092|VARAL DE TETO EM ACO 1,20X0,56 M|789674137092-1|73239900|||5101|PC|30.0000|20.5300|615.90||PC|30.0000|20.5300|0.00|0.00|0.00|||||||0|0||0.00|00|0|3|0.00|615.90|18.00|110.86|0|0.00|0.00|0.00|0.00|0.00|0.00|0.00|||0|50|615.90|||10.00|61.59|0.00|0.00|0.00|0.00|01|615.90|0.65|4.00|0.0000|0.0000|615.90|0.00|0.0000|0.0000|0.00|01|615.90|3.00|18.48|0.00|0.0000|0.00|||||||||||
02|12|7093|VARAL DE TETO EM ACO 1,40X0,56 M|789674137093-8|73239900|||5101|PC|20.0000|24.6900|493.80||PC|20.0000|24.6900|0.00|0.00|0.00|||||||0|0||0.00|00|0|3|0.00|493.80|18.00|88.88|0|0.00|0.00|0.00|0.00|0.00|0.00|0.00|||0|50|493.80|||10.00|49.38|0.00|0.00|0.00|0.00|01|493.80|0.65|3.21|0.0000|0.0000|493.80|0.00|0.0000|0.0000|0.00|01|493.80|3.00|14.81|0.00|0.0000|0.00|||||||||||
02|13|7263|VARAL STENDMAX 3 MODULOS REGUL.4,8M|789674137263-5|39249000|||5101|PC|18.0000|39.6300|713.34||PC|18.0000|39.6300|0.00|0.00|0.00|||||||0|0||0.00|00|0|3|0.00|713.34|18.00|128.40|0|0.00|0.00|0.00|0.00|0.00|0.00|0.00|||0|50|713.34|||10.00|71.33|0.00|0.00|0.00|0.00|01|713.34|0.65|4.64|0.0000|0.0000|713.34|0.00|0.0000|0.0000|0.00|01|713.34|3.00|21.40|0.00|0.0000|0.00|||||||||||
02|14|7267|VARAL STENDMAX 3 MODULOS REGUL.6,0M|789674137267-3|39249000|||5101|PC|6.0000|43.6000|261.60||PC|6.0000|43.6000|0.00|0.00|0.00|||||||0|0||0.00|00|0|3|0.00|261.60|18.00|47.09|0|0.00|0.00|0.00|0.00|0.00|0.00|0.00|||0|50|261.60|||10.00|26.16|0.00|0.00|0.00|0.00|01|261.60|0.65|1.70|0.0000|0.0000|261.60|0.00|0.0000|0.0000|0.00|01|261.60|3.00|7.85|0.00|0.0000|0.00|||||||||||
02|15|7272|VARAL AUTOMATICO C/ 5 CORDAS|789674137272-7|39249000|||5102|PC|6.0000|17.5900|105.54||PC|6.0000|17.5900|0.00|0.00|0.00|||||||0|0||0.00|00|1|3|0.00|105.54|18.00|19.00|0|0.00|0.00|0.00|0.00|0.00|0.00|0.00|||0|50|105.54|||10.00|10.55|0.00|0.00|0.00|0.00|01|105.54|0.65|0.69|0.0000|0.0000|105.54|0.00|0.0000|0.0000|0.00|01|105.54|3.00|3.17|0.00|0.0000|0.00|||||||||||
02|16|7289|VARAL PAREDE POLIMAX COM 5 CORDAS|789674137289-5|73239900|||5101|PC|6.0000|26.1400|156.84||PC|6.0000|26.1400|0.00|0.00|0.00|||||||0|0||0.00|00|0|3|0.00|156.84|18.00|28.21|0|0.00|0.00|0.00|0.00|0.00|0.00|0.00|||0|50|156.84|||10.00|15.68|0.00|0.00|0.00|0.00|01|156.84|0.65|1.02|0.0000|0.0000|156.84|0.00|0.0000|0.0000|0.00|01|156.84|3.00|4.71|0.00|0.0000|0.00|||||||||||
03|6810.47|1225.88|0.00|0.00|6810.47|0.00|0.00|0.00|0.00|640.72|0.00|0.00|0.00|7451.19|0.00|0.00|0.00|0.00|0.00|0.00|0.00|0.00|0.00|0.00|0.00|0.00||||233544||0|||NOSSO CARRO|ISENTO|||SP|0.00|0.00|0.00|0.00|5101|1200054|||||||34|Volumes com Ferragens|LEROY RAPO|001/034 a 034/034|403|370||000037|7451.19|0.00|7451.19|000037/1|2010-11-10|7451.19|000037/1|2010-11-10|7451.19|
04|MERCADORIA COM REDESPACHO PELO OPERADOR LOGISTICO: ID DO BRASIL LOGISTICA LTDA CNPJ: 04416849/0004-44 E  E.I. 165697-0 NO ENDERECO: AV: 31 MARCO,2350 ESQ. COM AV: TABOAO VIL. FLORIDA - SAO BERNARDO - CEP: 09660 000 - SP
99|||||||