01|35|6.101 - VENDAS FORA ESTADO|1|0|000011|2010-07-05||1|3550308|56991334000129|1|01438784001330||LEROY MERLIN S/A|contabilidademorumbi@leroymerlin.com.br|AV:MAGALHAES CASTRO,S/N KM12|S/N KM12||MORUMBI|3550308|SAO PAULO|SP|05502000|1058|BRASIL|37595800|636267730118|||||||||||||||||||
02|1|6114|PRENDEDOR FUNNY C/ 6 PEÇAS|789674136114-1|39249000|||6102|CT|20.0000|3.3900|67.80||PC|20.0000|3.3900|0.00|0.00|0.00|||||||0|0||0.00|00|0|3|0.00|67.80|18.00|12.20|0|0.00|0.00|0.00|0.00|0.00|0.00|0.00|||0|52||||||0.00|0.00|0.00|0.00|01|67.80|0.65|0.44|0.0000|0.0000|67.80|0.00|0.0000|0.0000|0.00|01|67.80|3.00|2.03|0.00|0.0000|0.00|||||||||||
02|2|6121|VARAL INDIVIDUAL ALUMNNI 1,00M|789674136121-9|76151900|||6101|PC|6.0000|78.7500|472.50||PC|6.0000|78.7500|0.00|0.00|0.00|||||||0|0||0.00|00|0|3|0.00|472.50|18.00|85.05|0|0.00|0.00|0.00|0.00|0.00|0.00|0.00|||0|50|472.50|||10.00|47.25|0.00|0.00|0.00|0.00|01|472.50|0.65|3.07|0.0000|0.0000|472.50|0.00|0.0000|0.0000|0.00|01|472.50|3.00|14.18|0.00|0.0000|0.00|||||||||||
02|3|6552|VARAL SANFONATTO TUBULAR DE 1,0M|789674136552-1|73239900|||6101|PC|5.0000|50.4800|252.40||PC|5.0000|50.4800|0.00|0.00|0.00|||||||0|0||0.00|00|0|3|0.00|252.40|18.00|45.43|0|0.00|0.00|0.00|0.00|0.00|0.00|0.00|||0|50|252.40|||10.00|25.24|0.00|0.00|0.00|0.00|01|252.40|0.65|1.64|0.0000|0.0000|252.40|0.00|0.0000|0.0000|0.00|01|252.40|3.00|7.57|0.00|0.0000|0.00|||||||||||
02|4|6896|VARAL DE PAREDE PARATI 1,0M|789674136896-6|73239900|||6101|PC|6.0000|37.5100|225.06||PC|6.0000|37.5100|0.00|0.00|0.00|||||||0|0||0.00|00|0|3|0.00|225.06|18.00|40.51|0|0.00|0.00|0.00|0.00|0.00|0.00|0.00|||0|50|225.06|||10.00|22.51|0.00|0.00|0.00|0.00|01|225.06|0.65|1.46|0.0000|0.0000|225.06|0.00|0.0000|0.0000|0.00|01|225.06|3.00|6.75|0.00|0.0000|0.00|||||||||||
02|5|6996|MINI VARAL FLY  C/ 12 PREGADORES|789674136996-3|39249000|||6102|PC|10.0000|7.3900|73.90||PC|10.0000|7.3900|0.00|0.00|0.00|||||||0|0||0.00|00|0|3|0.00|73.90|18.00|13.30|0|0.00|0.00|0.00|0.00|0.00|0.00|0.00|||0|52||||||0.00|0.00|0.00|0.00|01|73.90|0.65|0.48|0.0000|0.0000|73.90|0.00|0.0000|0.0000|0.00|01|73.90|3.00|2.22|0.00|0.0000|0.00|||||||||||
02|6|7000|VARAL SANFONADO EM ACO 0,77 m|789674137000-6|73239900|||6101|PC|5.0000|21.7200|108.60||PC|5.0000|21.7200|0.00|0.00|0.00|||||||0|0||0.00|00|0|3|0.00|108.60|18.00|19.55|0|0.00|0.00|0.00|0.00|0.00|0.00|0.00|||0|50|108.60|||10.00|10.86|0.00|0.00|0.00|0.00|01|108.60|0.65|0.71|0.0000|0.0000|108.60|0.00|0.0000|0.0000|0.00|01|108.60|3.00|3.26|0.00|0.0000|0.00|||||||||||
02|7|7005|VARAL MASTER INNOVAR INDIV. 1,00 M|789674137005-1|73239900|||6101|PC|6.0000|71.4800|428.88||PC|6.0000|71.4800|0.00|0.00|0.00|||||||0|0||0.00|00|0|3|0.00|428.88|18.00|77.20|0|0.00|0.00|0.00|0.00|0.00|0.00|0.00|||0|50|428.88|||10.00|42.89|0.00|0.00|0.00|0.00|01|428.88|0.65|2.79|0.0000|0.0000|428.88|0.00|0.0000|0.0000|0.00|01|428.88|3.00|12.87|0.00|0.0000|0.00|||||||||||
02|8|7009|VARAL BRISA DE CHAO EM ACO|789674137009-9|73239900|||6101|PC|6.0000|28.4300|170.58||PC|6.0000|28.4300|0.00|0.00|0.00|||||||0|0||0.00|00|0|3|0.00|170.58|18.00|30.70|0|0.00|0.00|0.00|0.00|0.00|0.00|0.00|||0|50|170.58|||10.00|17.06|0.00|0.00|0.00|0.00|01|170.58|0.65|1.11|0.0000|0.0000|170.58|0.00|0.0000|0.0000|0.00|01|170.58|3.00|5.12|0.00|0.0000|0.00|||||||||||
02|9|7082|VARAL DE TETO ITACARE 1,40 M|789674137082-2|76151900|||6101|PC|10.0000|58.6600|586.60||PC|10.0000|58.6600|0.00|0.00|0.00|||||||0|0||0.00|00|0|3|0.00|586.60|18.00|105.59|0|0.00|0.00|0.00|0.00|0.00|0.00|0.00|||0|50|586.60|||10.00|58.66|0.00|0.00|0.00|0.00|01|586.60|0.65|3.81|0.0000|0.0000|586.60|0.00|0.0000|0.0000|0.00|01|586.60|3.00|17.60|0.00|0.0000|0.00|||||||||||
02|10|7091|VARAL DE TETO EM ACO 0,90X0,56 M|789674137091-4|73239900|||6101|PC|10.0000|19.0400|190.40||PC|10.0000|19.0400|0.00|0.00|0.00|||||||0|0||0.00|00|0|3|0.00|190.40|18.00|34.27|0|0.00|0.00|0.00|0.00|0.00|0.00|0.00|||0|50|190.40|||10.00|19.04|0.00|0.00|0.00|0.00|01|190.40|0.65|1.24|0.0000|0.0000|190.40|0.00|0.0000|0.0000|0.00|01|190.40|3.00|5.71|0.00|0.0000|0.00|||||||||||
02|11|7093|VARAL DE TETO EM ACO 1,40X0,56 M|789674137093-8|73239900|||6101|PC|10.0000|24.6900|246.90||PC|10.0000|24.6900|0.00|0.00|0.00|||||||0|0||0.00|00|0|3|0.00|246.90|18.00|44.44|0|0.00|0.00|0.00|0.00|0.00|0.00|0.00|||0|50|246.90|||10.00|24.69|0.00|0.00|0.00|0.00|01|246.90|0.65|1.60|0.0000|0.0000|246.90|0.00|0.0000|0.0000|0.00|01|246.90|3.00|7.41|0.00|0.0000|0.00|||||||||||
02|12|7117|VARAL DE PISO JUQUEI|789674137117-1|73239900|||6101|PC|3.0000|103.9000|311.70||PC|3.0000|103.9000|0.00|0.00|0.00|||||||0|0||0.00|00|0|3|0.00|311.70|18.00|56.11|0|0.00|0.00|0.00|0.00|0.00|0.00|0.00|||0|50|311.70|||10.00|31.17|0.00|0.00|0.00|0.00|01|311.70|0.65|2.03|0.0000|0.0000|311.70|0.00|0.0000|0.0000|0.00|01|311.70|3.00|9.35|0.00|0.0000|0.00|||||||||||
02|13|7259|VARAL TOALHEIRO 56 CM|789674137259-8|73239900|||6101|PC|10.0000|18.8600|188.60||PC|10.0000|18.8600|0.00|0.00|0.00|||||||0|0||0.00|00|0|3|0.00|188.60|18.00|33.95|0|0.00|0.00|0.00|0.00|0.00|0.00|0.00|||0|50|188.60|||10.00|18.86|0.00|0.00|0.00|0.00|01|188.60|0.65|1.23|0.0000|0.0000|188.60|0.00|0.0000|0.0000|0.00|01|188.60|3.00|5.66|0.00|0.0000|0.00|||||||||||
02|14|7263|VARAL STENDMAX 3 MODULOS REGUL.4,8M|789674137263-5|39249000|||6101|PC|6.0000|39.6300|237.78||PC|6.0000|39.6300|0.00|0.00|0.00|||||||0|0||0.00|00|0|3|0.00|237.78|18.00|42.80|0|0.00|0.00|0.00|0.00|0.00|0.00|0.00|||0|50|237.78|||10.00|23.78|0.00|0.00|0.00|0.00|01|237.78|0.65|1.55|0.0000|0.0000|237.78|0.00|0.0000|0.0000|0.00|01|237.78|3.00|7.13|0.00|0.0000|0.00|||||||||||
02|15|7269|POWERMAX|789674137269-7|39249000|||6101|PC|6.0000|30.8300|184.98||PC|6.0000|30.8300|0.00|0.00|0.00|||||||0|0||0.00|00|0|3|0.00|184.98|18.00|33.30|0|0.00|0.00|0.00|0.00|0.00|0.00|0.00|||0|50|184.98|||10.00|18.50|0.00|0.00|0.00|0.00|01|184.98|0.65|1.20|0.0000|0.0000|184.98|0.00|0.0000|0.0000|0.00|01|184.98|3.00|5.55|0.00|0.0000|0.00|||||||||||
02|16|7272|VARAL AUTOMATICO C/ 5 CORDAS|789674137272-7|39249000|||6102|PC|6.0000|17.5900|105.54||PC|6.0000|17.5900|0.00|0.00|0.00|||||||0|0||0.00|00|1|3|0.00|105.54|18.00|19.00|0|0.00|0.00|0.00|0.00|0.00|0.00|0.00|||0|50|105.54|||10.00|10.55|0.00|0.00|0.00|0.00|01|105.54|0.65|0.69|0.0000|0.0000|105.54|0.00|0.0000|0.0000|0.00|01|105.54|3.00|3.17|0.00|0.0000|0.00|||||||||||
03|3852.22|693.40|0.00|0.00|3852.22|0.00|0.00|0.00|0.00|371.06|0.00|0.00|0.00|4223.28|0.00|0.00|0.00|0.00|0.00|0.00|0.00|0.00|0.00|0.00|0.00|0.00||||233544||0|||NOSSO CARRO|ISENTO|||SP|0.00|0.00|0.00|0.00|6101|1200054|||||||16|Volumes com Ferragens|LEROY MORU|001/016 a 016/016|142|130||000011|4223.28|0.00|4223.28|000011/1|2010-11-10|4223.28|000011/1|2010-11-10|4223.28|
04|MERCADORIA COM REDESPACHO PELO OPERADOR LOGISTICO: ID DO BRASIL LOGISTICA LTDA CNPJ: 04416849/0004-44 E  E.I. 165697-0 NO ENDERECO: AV: 31 MARCO,2350 ESQ. COM AV: TABOAO VIL. FLORIDA - SAO BERNARDO - CEP: 09660 000 - SP
99|||||||