01|35|6.101 - VENDAS FORA ESTADO|1|0|000004|2010-07-05||1|3550308|56991334000129|1|08982861000124||ZENILDO B. DA SILVA UTIL. DOMEST.|joao_felipe9@hotmail.com|R: PROF. JOAO CANDIDO, 94|94||CENTRO|4113700|LONDRINA|PR|86010000|1058|BRASIL||2200069|||||||||||||||||||
02|1|1332/6|TUBO EXTEN.PRONTO FIX 0,90 A 1,03 M|789674131332-4|83024900|||6101|PC|24.0000|4.2600|102.24||PC|24.0000|4.2600|0.00|0.00|0.00|||||||0|0||0.00|00|0|3|0.00|102.24|12.00|12.27|0|0.00|0.00|0.00|0.00|0.00|0.00|0.00|||0|50|102.24|||10.00|10.22|0.00|0.00|0.00|0.00|01|102.24|0.65|0.66|0.0000|0.0000|102.24|0.00|0.0000|0.0000|0.00|01|102.24|3.00|3.07|0.00|0.0000|0.00|||||||||||
02|2|1333/6|TUBO EXTEN.PRONTO FIX 1,05 A 1,18M|789674131333-1|83024900|||6101|PC|24.0000|4.5500|109.20||PC|24.0000|4.5500|0.00|0.00|0.00|||||||0|0||0.00|00|0|3|0.00|109.20|12.00|13.10|0|0.00|0.00|0.00|0.00|0.00|0.00|0.00|||0|50|109.20|||10.00|10.92|0.00|0.00|0.00|0.00|01|109.20|0.65|0.71|0.0000|0.0000|109.20|0.00|0.0000|0.0000|0.00|01|109.20|3.00|3.28|0.00|0.0000|0.00|||||||||||
02|3|1334/6|TUBO EXTEN.PRONTO FIX 1,20 A 1,33 M|789674131334-8|83024900|||6101|PC|24.0000|4.6800|112.32||PC|24.0000|4.6800|0.00|0.00|0.00|||||||0|0||0.00|00|0|3|0.00|112.32|12.00|13.48|0|0.00|0.00|0.00|0.00|0.00|0.00|0.00|||0|50|112.32|||10.00|11.23|0.00|0.00|0.00|0.00|01|112.32|0.65|0.73|0.0000|0.0000|112.32|0.00|0.0000|0.0000|0.00|01|112.32|3.00|3.37|0.00|0.0000|0.00|||||||||||
02|4|1335/6|TUBO EXTEN.PRONTO FIX 1,35 A 1,48 M|789674131335-5|83024900|||6101|PC|24.0000|5.0200|120.48||PC|24.0000|5.0200|0.00|0.00|0.00|||||||0|0||0.00|00|0|3|0.00|120.48|12.00|14.46|0|0.00|0.00|0.00|0.00|0.00|0.00|0.00|||0|50|120.48|||10.00|12.05|0.00|0.00|0.00|0.00|01|120.48|0.65|0.78|0.0000|0.0000|120.48|0.00|0.0000|0.0000|0.00|01|120.48|3.00|3.61|0.00|0.0000|0.00|||||||||||
02|5|1336/6|TUBO EXTEN.PRONTO FIX 1,50 A 1,63 M|789674131336-2|83024900|||6101|PC|24.0000|5.6700|136.08||PC|24.0000|5.6700|0.00|0.00|0.00|||||||0|0||0.00|00|0|3|0.00|136.08|12.00|16.33|0|0.00|0.00|0.00|0.00|0.00|0.00|0.00|||0|50|136.08|||10.00|13.61|0.00|0.00|0.00|0.00|01|136.08|0.65|0.88|0.0000|0.0000|136.08|0.00|0.0000|0.0000|0.00|01|136.08|3.00|4.08|0.00|0.0000|0.00|||||||||||
02|6|1337/6|TUBO EXTEN.PRONTO FIX 1,65 X 1,78 M|789674131337-9|83024900|||6101|PC|24.0000|6.0000|144.00||PC|24.0000|6.0000|0.00|0.00|0.00|||||||0|0||0.00|00|0|3|0.00|144.00|12.00|17.28|0|0.00|0.00|0.00|0.00|0.00|0.00|0.00|||0|50|144.00|||10.00|14.40|0.00|0.00|0.00|0.00|01|144.00|0.65|0.94|0.0000|0.0000|144.00|0.00|0.0000|0.0000|0.00|01|144.00|3.00|4.32|0.00|0.0000|0.00|||||||||||
02|7|1338/6|TUBO EXTEN.PRONTO FIX 1,80 X 1,93 M|789674131338-6|83024900|||6101|PC|24.0000|6.3700|152.88||PC|24.0000|6.3700|0.00|0.00|0.00|||||||0|0||0.00|00|0|3|0.00|152.88|12.00|18.35|0|0.00|0.00|0.00|0.00|0.00|0.00|0.00|||0|50|152.88|||10.00|15.29|0.00|0.00|0.00|0.00|01|152.88|0.65|0.99|0.0000|0.0000|152.88|0.00|0.0000|0.0000|0.00|01|152.88|3.00|4.59|0.00|0.0000|0.00|||||||||||
02|8|1339/6|TUBO EXTEN.PRONTO FIX 1,95 A 2,08 M|789674131339-3|83024900|||6101|PC|24.0000|6.7300|161.52||PC|24.0000|6.7300|0.00|0.00|0.00|||||||0|0||0.00|00|0|3|0.00|161.52|12.00|19.37|0|0.00|0.00|0.00|0.00|0.00|0.00|0.00|||0|50|161.52|||10.00|16.15|0.00|0.00|0.00|0.00|01|161.52|0.65|1.05|0.0000|0.0000|161.52|0.00|0.0000|0.0000|0.00|01|161.52|3.00|4.85|0.00|0.0000|0.00|||||||||||
02|9|7272|VARAL AUTOMATICO C/ 5 CORDAS|789674137272-7|39249000|||6102|PC|12.0000|12.8300|153.96||PC|12.0000|12.8300|0.00|0.00|0.00|||||||0|0||0.00|00|1|3|0.00|153.96|12.00|18.48|0|0.00|0.00|0.00|0.00|0.00|0.00|0.00|||0|50|153.96|||10.00|15.40|0.00|0.00|0.00|0.00|01|153.96|0.65|1.00|0.0000|0.0000|153.96|0.00|0.0000|0.0000|0.00|01|153.96|3.00|4.62|0.00|0.0000|0.00|||||||||||
03|1192.68|143.12|0.00|0.00|1192.68|0.00|0.00|0.00|0.00|119.27|0.00|0.00|0.00|1311.95|0.00|0.00|0.00|0.00|0.00|0.00|0.00|0.00|0.00|0.00|0.00|0.00||||233544||1|||NOSSO CARRO|ISENTO|||SP|0.00|0.00|0.00|0.00|6101|1200054|||||||34|Volumes com Ferragens|ZENILDO|001/034 a 034/034|116|113||000004|1311.95|0.00|1311.95|000004/1|2010-08-09|1311.95|000004/1|2010-08-09|1311.95|
04|
99|||||||