01|35|6.101 - VENDAS FORA ESTADO|1|0|000052|2010-07-05||1|3550308|56991334000129|1|05234381000197||CASAS FRANKLIN T.MODA LTDA-M|FRANKLINMARCHI@UOL.COM.BR|AV: AMARAL PEIXOTO,167/|173||CENTRO|3306305|VOLTA REDONDA|RJ|27250010|1058|BRASIL||115309810115|||||||||||||||||||
02|1|1301/6|TUBO EXTEN.FACIL FIX 0,60X0,90 M|789674131301-0|83024900|||6101|PC|24.0000|5.3800|129.12||PC|24.0000|5.3800|0.00|0.00|0.00|||||||0|0||0.00|00|0|3|0.00|129.12|12.00|15.49|0|0.00|0.00|0.00|0.00|0.00|0.00|0.00|||0|50|129.12|||10.00|12.91|0.00|0.00|0.00|0.00|01|129.12|0.65|0.84|0.0000|0.0000|129.12|0.00|0.0000|0.0000|0.00|01|129.12|3.00|3.87|0.00|0.0000|0.00|||||||||||
02|2|1302/6|TUBO EXTEN.FACIL FIX 0,90X1,40 M|789674131302-7|83024900|||6101|PC|12.0000|7.3400|88.08||PC|12.0000|7.3400|0.00|0.00|0.00|||||||0|0||0.00|00|0|3|0.00|88.08|12.00|10.57|0|0.00|0.00|0.00|0.00|0.00|0.00|0.00|||0|50|88.08|||10.00|8.81|0.00|0.00|0.00|0.00|01|88.08|0.65|0.57|0.0000|0.0000|88.08|0.00|0.0000|0.0000|0.00|01|88.08|3.00|2.64|0.00|0.0000|0.00|||||||||||
02|3|1303/6|TUBO EXTEN.FACIL FIX 1,40X2,10 M|789674131303-4|83024900|||6101|PC|6.0000|10.5300|63.18||PC|6.0000|10.5300|0.00|0.00|0.00|||||||0|0||0.00|00|0|3|0.00|63.18|12.00|7.58|0|0.00|0.00|0.00|0.00|0.00|0.00|0.00|||0|50|63.18|||10.00|6.32|0.00|0.00|0.00|0.00|01|63.18|0.65|0.41|0.0000|0.0000|63.18|0.00|0.0000|0.0000|0.00|01|63.18|3.00|1.90|0.00|0.0000|0.00|||||||||||
02|4|1330/6|TUBO EXTEN.PRONTO FIX 0,60 A 0,73 M|789674131330-0|83024900|||6101|PC|12.0000|3.5700|42.84||PC|12.0000|3.5700|0.00|0.00|0.00|||||||0|0||0.00|00|0|3|0.00|42.84|12.00|5.14|0|0.00|0.00|0.00|0.00|0.00|0.00|0.00|||0|50|42.84|||10.00|4.28|0.00|0.00|0.00|0.00|01|42.84|0.65|0.28|0.0000|0.0000|42.84|0.00|0.0000|0.0000|0.00|01|42.84|3.00|1.29|0.00|0.0000|0.00|||||||||||
02|5|1331/6|TUBO EXTEN.PRONTO FIX 0,75 A 0,88 M|789674131331-7|83024900|||6101|PC|12.0000|3.9000|46.80||PC|12.0000|3.9000|0.00|0.00|0.00|||||||0|0||0.00|00|0|3|0.00|46.80|12.00|5.62|0|0.00|0.00|0.00|0.00|0.00|0.00|0.00|||0|50|46.80|||10.00|4.68|0.00|0.00|0.00|0.00|01|46.80|0.65|0.30|0.0000|0.0000|46.80|0.00|0.0000|0.0000|0.00|01|46.80|3.00|1.40|0.00|0.0000|0.00|||||||||||
02|6|1332/6|TUBO EXTEN.PRONTO FIX 0,90 A 1,03 M|789674131332-4|83024900|||6101|PC|12.0000|4.2600|51.12||PC|12.0000|4.2600|0.00|0.00|0.00|||||||0|0||0.00|00|0|3|0.00|51.12|12.00|6.13|0|0.00|0.00|0.00|0.00|0.00|0.00|0.00|||0|50|51.12|||10.00|5.11|0.00|0.00|0.00|0.00|01|51.12|0.65|0.33|0.0000|0.0000|51.12|0.00|0.0000|0.0000|0.00|01|51.12|3.00|1.53|0.00|0.0000|0.00|||||||||||
02|7|1333/6|TUBO EXTEN.PRONTO FIX 1,05 A 1,18M|789674131333-1|83024900|||6101|PC|12.0000|4.5500|54.60||PC|12.0000|4.5500|0.00|0.00|0.00|||||||0|0||0.00|00|0|3|0.00|54.60|12.00|6.55|0|0.00|0.00|0.00|0.00|0.00|0.00|0.00|||0|50|54.60|||10.00|5.46|0.00|0.00|0.00|0.00|01|54.60|0.65|0.35|0.0000|0.0000|54.60|0.00|0.0000|0.0000|0.00|01|54.60|3.00|1.64|0.00|0.0000|0.00|||||||||||
02|8|1334/6|TUBO EXTEN.PRONTO FIX 1,20 A 1,33 M|789674131334-8|83024900|||6101|PC|12.0000|4.6800|56.16||PC|12.0000|4.6800|0.00|0.00|0.00|||||||0|0||0.00|00|0|3|0.00|56.16|12.00|6.74|0|0.00|0.00|0.00|0.00|0.00|0.00|0.00|||0|50|56.16|||10.00|5.62|0.00|0.00|0.00|0.00|01|56.16|0.65|0.37|0.0000|0.0000|56.16|0.00|0.0000|0.0000|0.00|01|56.16|3.00|1.68|0.00|0.0000|0.00|||||||||||
02|9|1335/6|TUBO EXTEN.PRONTO FIX 1,35 A 1,48 M|789674131335-5|83024900|||6101|PC|12.0000|5.0200|60.24||PC|12.0000|5.0200|0.00|0.00|0.00|||||||0|0||0.00|00|0|3|0.00|60.24|12.00|7.23|0|0.00|0.00|0.00|0.00|0.00|0.00|0.00|||0|50|60.24|||10.00|6.02|0.00|0.00|0.00|0.00|01|60.24|0.65|0.39|0.0000|0.0000|60.24|0.00|0.0000|0.0000|0.00|01|60.24|3.00|1.81|0.00|0.0000|0.00|||||||||||
02|10|1336/6|TUBO EXTEN.PRONTO FIX 1,50 A 1,63 M|789674131336-2|83024900|||6101|PC|12.0000|5.6700|68.04||PC|12.0000|5.6700|0.00|0.00|0.00|||||||0|0||0.00|00|0|3|0.00|68.04|12.00|8.16|0|0.00|0.00|0.00|0.00|0.00|0.00|0.00|||0|50|68.04|||10.00|6.80|0.00|0.00|0.00|0.00|01|68.04|0.65|0.44|0.0000|0.0000|68.04|0.00|0.0000|0.0000|0.00|01|68.04|3.00|2.04|0.00|0.0000|0.00|||||||||||
02|11|1404|TUBO EM "L" 1,00X1,00 M|789674131404-8|83024900|||6101|PC|10.0000|7.0000|70.00||PC|10.0000|7.0000|0.00|0.00|0.00|||||||0|0||0.00|00|0|3|0.00|70.00|12.00|8.41|0|0.00|0.00|0.00|0.00|0.00|0.00|0.00|||0|50|70.00|||10.00|7.00|0.00|0.00|0.00|0.00|01|70.00|0.65|0.46|0.0000|0.0000|70.00|0.00|0.0000|0.0000|0.00|01|70.00|3.00|2.10|0.00|0.0000|0.00|||||||||||
03|730.18|87.62|0.00|0.00|730.18|0.00|0.00|0.00|0.00|73.01|0.00|0.00|0.00|803.19|0.00|0.00|0.00|0.00|0.00|0.00|0.00|0.00|0.00|0.00|0.00|0.00||||233544||1||||||||0.00|0.00|0.00|0.00|6101||||||||22|Volumes com Ferragens|CASAS|001/022 a 022/022|67|65||000052|803.19|0.00|803.19|000052/1|2010-08-09|803.19|
04|
99|||||||