01|35|5.101 - VENDA DENT ESTADO|1|0|000041|2010-07-05||1|3550308|56991334000129|1|01438784000369||LEROY MERLIN S/A|contabilidaderbeirao@leroymerlin.com.br|AV: PRES.CASTELO BRANCO, 3000|3000||CENTRO|3543402|RIBEIRAO PRETO|SP|14096560|1058|BRASIL|3374-8870|0746117500278|||||||||||||||||||
02|1|6010|ACESSORIOS P/VARAL TETO em PP|789674136010-6|39249000|||5101|PC|20.0000|13.7900|275.80||PC|20.0000|13.7900|0.00|0.00|0.00|||||||0|0||0.00|00|0|3|0.00|275.80|18.00|49.64|0|0.00|0.00|0.00|0.00|0.00|0.00|0.00|||0|50|275.80|||10.00|27.58|0.00|0.00|0.00|0.00|01|275.80|0.65|1.79|0.0000|0.0000|275.80|0.00|0.0000|0.0000|0.00|01|275.80|3.00|8.27|0.00|0.0000|0.00|||||||||||
02|2|6011|CORDA MULTIUSO POLIETILENO 13 M|789674136011-3|56074900|||5101|PC|20.0000|3.4600|69.20||PC|20.0000|3.4600|0.00|0.00|0.00|||||||0|0||0.00|00|0|3|0.00|69.20|18.00|12.46|0|0.00|0.00|0.00|0.00|0.00|0.00|0.00|||0|52||||||0.00|0.00|0.00|0.00|01|69.20|0.65|0.45|0.0000|0.0000|69.20|0.00|0.0000|0.0000|0.00|01|69.20|3.00|2.08|0.00|0.0000|0.00|||||||||||
02|3|6012|CORDA MULTIUSO DE POLIPROPILENO 15m|789674136012-0|56074900|||5101|PC|20.0000|7.9900|159.80||PC|20.0000|7.9900|0.00|0.00|0.00|||||||0|0||0.00|00|0|3|0.00|159.80|18.00|28.76|0|0.00|0.00|0.00|0.00|0.00|0.00|0.00|||0|52||||||0.00|0.00|0.00|0.00|01|159.80|0.65|1.04|0.0000|0.0000|159.80|0.00|0.0000|0.0000|0.00|01|159.80|3.00|4.79|0.00|0.0000|0.00|||||||||||
02|4|6114|PRENDEDOR FUNNY C/ 6 PEÇAS|789674136114-1|39249000|||5102|CT|20.0000|3.3900|67.80||PC|20.0000|3.3900|0.00|0.00|0.00|||||||0|0||0.00|00|0|3|0.00|67.80|18.00|12.20|0|0.00|0.00|0.00|0.00|0.00|0.00|0.00|||0|52||||||0.00|0.00|0.00|0.00|01|67.80|0.65|0.44|0.0000|0.0000|67.80|0.00|0.0000|0.0000|0.00|01|67.80|3.00|2.03|0.00|0.0000|0.00|||||||||||
02|5|6994|VARAL CARROSSEL c/ 12 PREGADORES|789674136994-9|39249000|||5102|PC|20.0000|13.3800|267.60||PC|20.0000|13.3800|0.00|0.00|0.00|||||||0|0||0.00|00|0|3|0.00|267.60|18.00|48.17|0|0.00|0.00|0.00|0.00|0.00|0.00|0.00|||0|52||||||0.00|0.00|0.00|0.00|01|267.60|0.65|1.74|0.0000|0.0000|267.60|0.00|0.0000|0.0000|0.00|01|267.60|3.00|8.03|0.00|0.0000|0.00|||||||||||
02|6|6999|VARAL SANFONADO EM ACO 1,00 M|789674136999-4|73239900|||5101|PC|20.0000|22.1100|442.20||PC|20.0000|22.1100|0.00|0.00|0.00|||||||0|0||0.00|00|0|3|0.00|442.20|18.00|79.60|0|0.00|0.00|0.00|0.00|0.00|0.00|0.00|||0|50|442.20|||10.00|44.22|0.00|0.00|0.00|0.00|01|442.20|0.65|2.87|0.0000|0.0000|442.20|0.00|0.0000|0.0000|0.00|01|442.20|3.00|13.27|0.00|0.0000|0.00|||||||||||
02|7|7000|VARAL SANFONADO EM ACO 0,77 m|789674137000-6|73239900|||5101|PC|20.0000|21.7200|434.40||PC|20.0000|21.7200|0.00|0.00|0.00|||||||0|0||0.00|00|0|3|0.00|434.40|18.00|78.19|0|0.00|0.00|0.00|0.00|0.00|0.00|0.00|||0|50|434.40|||10.00|43.44|0.00|0.00|0.00|0.00|01|434.40|0.65|2.82|0.0000|0.0000|434.40|0.00|0.0000|0.0000|0.00|01|434.40|3.00|13.03|0.00|0.0000|0.00|||||||||||
02|8|7004|VARAL DE CHAO RENOVAR C/ ASAS|789674137004-4|73239900|||5101|PC|60.0000|39.0400|2342.40||PC|60.0000|39.0400|0.00|0.00|0.00|||||||0|0||0.00|00|0|3|0.00|2342.40|18.00|421.63|0|0.00|0.00|0.00|0.00|0.00|0.00|0.00|||0|50|2342.40|||10.00|234.24|0.00|0.00|0.00|0.00|01|2342.40|0.65|15.23|0.0000|0.0000|2342.40|0.00|0.0000|0.0000|0.00|01|2342.40|3.00|70.27|0.00|0.0000|0.00|||||||||||
02|9|7006|VARAL MASTER INNOVAR INDIV. 1,20 M|789674137006-8|73239900|||5101|PC|6.0000|84.1000|504.60||PC|6.0000|84.1000|0.00|0.00|0.00|||||||0|0||0.00|00|0|3|0.00|504.60|18.00|90.83|0|0.00|0.00|0.00|0.00|0.00|0.00|0.00|||0|50|504.60|||10.00|50.46|0.00|0.00|0.00|0.00|01|504.60|0.65|3.28|0.0000|0.0000|504.60|0.00|0.0000|0.0000|0.00|01|504.60|3.00|15.14|0.00|0.0000|0.00|||||||||||
02|10|7007|VARAL DE PISO ILHA BELA|789674137007-5|73239900|||5101|PC|5.0000|67.5400|337.70||PC|5.0000|67.5400|0.00|0.00|0.00|||||||0|0||0.00|00|0|3|0.00|337.70|18.00|60.79|0|0.00|0.00|0.00|0.00|0.00|0.00|0.00|||0|50|337.70|||10.00|33.77|0.00|0.00|0.00|0.00|01|337.70|0.65|2.20|0.0000|0.0000|337.70|0.00|0.0000|0.0000|0.00|01|337.70|3.00|10.13|0.00|0.0000|0.00|||||||||||
02|11|7008|VARAL MASTER INNOVAR indiv. 1,50 m|789674137008-2|73239900|||5101|PC|6.0000|93.2800|559.68||PC|6.0000|93.2800|0.00|0.00|0.00|||||||0|0||0.00|00|0|3|0.00|559.68|18.00|100.75|0|0.00|0.00|0.00|0.00|0.00|0.00|0.00|||0|50|559.68|||10.00|55.97|0.00|0.00|0.00|0.00|01|559.68|0.65|3.64|0.0000|0.0000|559.68|0.00|0.0000|0.0000|0.00|01|559.68|3.00|16.79|0.00|0.0000|0.00|||||||||||
02|12|7265|VARAL STENDMAX 1 MODULO REGUL.6,0M|789674137265-9|39249000|||5101|PC|6.0000|20.7500|124.50||PC|6.0000|20.7500|0.00|0.00|0.00|||||||0|0||0.00|00|0|3|0.00|124.50|18.00|22.41|0|0.00|0.00|0.00|0.00|0.00|0.00|0.00|||0|50|124.50|||10.00|12.45|0.00|0.00|0.00|0.00|01|124.50|0.65|0.81|0.0000|0.0000|124.50|0.00|0.0000|0.0000|0.00|01|124.50|3.00|3.74|0.00|0.0000|0.00|||||||||||
02|13|7267|VARAL STENDMAX 3 MODULOS REGUL.6,0M|789674137267-3|39249000|||5101|PC|24.0000|43.6000|1046.40||PC|24.0000|43.6000|0.00|0.00|0.00|||||||0|0||0.00|00|0|3|0.00|1046.40|18.00|188.35|0|0.00|0.00|0.00|0.00|0.00|0.00|0.00|||0|50|1046.40|||10.00|104.64|0.00|0.00|0.00|0.00|01|1046.40|0.65|6.80|0.0000|0.0000|1046.40|0.00|0.0000|0.0000|0.00|01|1046.40|3.00|31.39|0.00|0.0000|0.00|||||||||||
02|14|7272|VARAL AUTOMATICO C/ 5 CORDAS|789674137272-7|39249000|||5102|PC|12.0000|17.5900|211.08||PC|12.0000|17.5900|0.00|0.00|0.00|||||||0|0||0.00|00|1|3|0.00|211.08|18.00|37.99|0|0.00|0.00|0.00|0.00|0.00|0.00|0.00|||0|50|211.08|||10.00|21.11|0.00|0.00|0.00|0.00|01|211.08|0.65|1.37|0.0000|0.0000|211.08|0.00|0.0000|0.0000|0.00|01|211.08|3.00|6.33|0.00|0.0000|0.00|||||||||||
02|15|9901|PROTETOR DE PIA C/ VENTOSA|789674139901-4|39241000|||5401|PC|20.0000|4.4000|88.00||PC|20.0000|4.4000|0.00|0.00|0.00|||||||0|0||0.00|10|0|3|0.00|88.00|18.00|15.84|4|0.00|0.00|38.00|24.05|0.00|0.00|0.00|||0|50|88.00|||10.00|8.80|0.00|0.00|0.00|0.00|01|88.00|0.65|0.57|0.0000|0.0000|88.00|0.00|0.0000|0.0000|0.00|01|88.00|3.00|2.64|0.00|0.0000|0.00|||||||||||
03|6931.16|1247.61|133.58|8.21|6931.16|0.00|0.00|0.00|0.00|636.68|0.00|0.00|0.00|7576.05|0.00|0.00|0.00|0.00|0.00|0.00|0.00|0.00|0.00|0.00|0.00|0.00||||233544||0|||NOSSO CARRO|ISENTO|||SP|0.00|0.00|0.00|0.00|5101|1200054|||||||36|Volumes com Ferragens|LEROY RIBP|001/036 a 036/036|336|308||000041|7576.05|0.00|7576.05|000041/1|2010-11-10|7576.05|000041/1|2010-11-10|7576.05|
04|MERCADORIA COM REDESPACHO PELO OPERADOR LOGISTICO: ID DO BRASIL LOGISTICA LTDA CNPJ: 04416849/0004-44 E  E.I. 165697-0 NO ENDERECO: AV: 31 MARCO,2350 ESQ. COM AV: TABOAO VIL. FLORIDA - SAO BERNARDO - CEP: 09660 000 - SP
99|||||||