01|35|5.101 - VENDA DENT ESTADO|1|0|000005|2010-07-05||1|3550308|56991334000129|1|01438784001764||LEROY MERLIN S/A|contabilidadejafet@leroymerlin.com.br|AV: RICARDO JAFET,1501|1501||Vila Santa Eulalia|3550308|SAO PAULO|SP|04260020|1058|BRASIL|2065-1900|9041211420|||||||||||||||||||
02|1|6012|CORDA MULTIUSO DE POLIPROPILENO 15m|789674136012-0|56074900|||5101|PC|20.0000|7.9900|159.80||PC|20.0000|7.9900|0.00|0.00|0.00|||||||0|0||0.00|00|0|3|0.00|159.80|18.00|28.76|0|0.00|0.00|0.00|0.00|0.00|0.00|0.00|||0|52||||||0.00|0.00|0.00|0.00|01|159.80|0.65|1.04|0.0000|0.0000|159.80|0.00|0.0000|0.0000|0.00|01|159.80|3.00|4.79|0.00|0.0000|0.00|||||||||||
02|2|6114|PRENDEDOR FUNNY C/ 6 PEÇAS|789674136114-1|39249000|||5102|CT|20.0000|3.3900|67.80||PC|20.0000|3.3900|0.00|0.00|0.00|||||||0|0||0.00|00|0|3|0.00|67.80|18.00|12.20|0|0.00|0.00|0.00|0.00|0.00|0.00|0.00|||0|52||||||0.00|0.00|0.00|0.00|01|67.80|0.65|0.44|0.0000|0.0000|67.80|0.00|0.0000|0.0000|0.00|01|67.80|3.00|2.03|0.00|0.0000|0.00|||||||||||
02|3|6552|VARAL SANFONATTO TUBULAR DE 1,0M|789674136552-1|73239900|||5101|PC|5.0000|50.4800|252.40||PC|5.0000|50.4800|0.00|0.00|0.00|||||||0|0||0.00|00|0|3|0.00|252.40|18.00|45.43|0|0.00|0.00|0.00|0.00|0.00|0.00|0.00|||0|50|252.40|||10.00|25.24|0.00|0.00|0.00|0.00|01|252.40|0.65|1.64|0.0000|0.0000|252.40|0.00|0.0000|0.0000|0.00|01|252.40|3.00|7.57|0.00|0.0000|0.00|||||||||||
02|4|6996|MINI VARAL FLY  C/ 12 PREGADORES|789674136996-3|39249000|||5102|PC|10.0000|7.3900|73.90||PC|10.0000|7.3900|0.00|0.00|0.00|||||||0|0||0.00|00|0|3|0.00|73.90|18.00|13.30|0|0.00|0.00|0.00|0.00|0.00|0.00|0.00|||0|52||||||0.00|0.00|0.00|0.00|01|73.90|0.65|0.48|0.0000|0.0000|73.90|0.00|0.0000|0.0000|0.00|01|73.90|3.00|2.22|0.00|0.0000|0.00|||||||||||
02|5|7000|VARAL SANFONADO EM ACO 0,77 m|789674137000-6|73239900|||5101|PC|5.0000|21.7200|108.60||PC|5.0000|21.7200|0.00|0.00|0.00|||||||0|0||0.00|00|0|3|0.00|108.60|18.00|19.55|0|0.00|0.00|0.00|0.00|0.00|0.00|0.00|||0|50|108.60|||10.00|10.86|0.00|0.00|0.00|0.00|01|108.60|0.65|0.71|0.0000|0.0000|108.60|0.00|0.0000|0.0000|0.00|01|108.60|3.00|3.26|0.00|0.0000|0.00|||||||||||
02|6|7004|VARAL DE CHAO RENOVAR C/ ASAS|789674137004-4|73239900|||5101|PC|35.0000|39.0400|1366.40||PC|35.0000|39.0400|0.00|0.00|0.00|||||||0|0||0.00|00|0|3|0.00|1366.40|18.00|245.95|0|0.00|0.00|0.00|0.00|0.00|0.00|0.00|||0|50|1366.40|||10.00|136.64|0.00|0.00|0.00|0.00|01|1366.40|0.65|8.88|0.0000|0.0000|1366.40|0.00|0.0000|0.0000|0.00|01|1366.40|3.00|40.99|0.00|0.0000|0.00|||||||||||
02|7|7005|VARAL MASTER INNOVAR INDIV. 1,00 M|789674137005-1|73239900|||5101|PC|12.0000|71.4800|857.76||PC|12.0000|71.4800|0.00|0.00|0.00|||||||0|0||0.00|00|0|3|0.00|857.76|18.00|154.40|0|0.00|0.00|0.00|0.00|0.00|0.00|0.00|||0|50|857.76|||10.00|85.78|0.00|0.00|0.00|0.00|01|857.76|0.65|5.58|0.0000|0.0000|857.76|0.00|0.0000|0.0000|0.00|01|857.76|3.00|25.73|0.00|0.0000|0.00|||||||||||
02|8|7009|VARAL BRISA DE CHAO EM ACO|789674137009-9|73239900|||5101|PC|6.0000|28.4300|170.58||PC|6.0000|28.4300|0.00|0.00|0.00|||||||0|0||0.00|00|0|3|0.00|170.58|18.00|30.70|0|0.00|0.00|0.00|0.00|0.00|0.00|0.00|||0|50|170.58|||10.00|17.06|0.00|0.00|0.00|0.00|01|170.58|0.65|1.11|0.0000|0.0000|170.58|0.00|0.0000|0.0000|0.00|01|170.58|3.00|5.12|0.00|0.0000|0.00|||||||||||
02|9|7091|VARAL DE TETO EM ACO 0,90X0,56 M|789674137091-4|73239900|||5101|PC|10.0000|19.0400|190.40||PC|10.0000|19.0400|0.00|0.00|0.00|||||||0|0||0.00|00|0|3|0.00|190.40|18.00|34.27|0|0.00|0.00|0.00|0.00|0.00|0.00|0.00|||0|50|190.40|||10.00|19.04|0.00|0.00|0.00|0.00|01|190.40|0.65|1.24|0.0000|0.0000|190.40|0.00|0.0000|0.0000|0.00|01|190.40|3.00|5.71|0.00|0.0000|0.00|||||||||||
02|10|7092|VARAL DE TETO EM ACO 1,20X0,56 M|789674137092-1|73239900|||5101|PC|40.0000|20.5300|821.20||PC|40.0000|20.5300|0.00|0.00|0.00|||||||0|0||0.00|00|0|3|0.00|821.20|18.00|147.83|0|0.00|0.00|0.00|0.00|0.00|0.00|0.00|||0|50|821.20|||10.00|82.12|0.00|0.00|0.00|0.00|01|821.20|0.65|5.34|0.0000|0.0000|821.20|0.00|0.0000|0.0000|0.00|01|821.20|3.00|24.64|0.00|0.0000|0.00|||||||||||
02|11|7262|VARAL STENDMAX 2 MODULOS REGUL.4,8M|789674137262-8|39249000|||5101|PC|6.0000|29.2200|175.32||PC|6.0000|29.2200|0.00|0.00|0.00|||||||0|0||0.00|00|0|3|0.00|175.32|18.00|31.56|0|0.00|0.00|0.00|0.00|0.00|0.00|0.00|||0|50|175.32|||10.00|17.53|0.00|0.00|0.00|0.00|01|175.32|0.65|1.14|0.0000|0.0000|175.32|0.00|0.0000|0.0000|0.00|01|175.32|3.00|5.26|0.00|0.0000|0.00|||||||||||
02|12|7263|VARAL STENDMAX 3 MODULOS REGUL.4,8M|789674137263-5|39249000|||5101|PC|6.0000|39.6300|237.78||PC|6.0000|39.6300|0.00|0.00|0.00|||||||0|0||0.00|00|0|3|0.00|237.78|18.00|42.80|0|0.00|0.00|0.00|0.00|0.00|0.00|0.00|||0|50|237.78|||10.00|23.78|0.00|0.00|0.00|0.00|01|237.78|0.65|1.55|0.0000|0.0000|237.78|0.00|0.0000|0.0000|0.00|01|237.78|3.00|7.13|0.00|0.0000|0.00|||||||||||
02|13|7267|VARAL STENDMAX 3 MODULOS REGUL.6,0M|789674137267-3|39249000|||5101|PC|12.0000|43.6000|523.20||PC|12.0000|43.6000|0.00|0.00|0.00|||||||0|0||0.00|00|0|3|0.00|523.20|18.00|94.18|0|0.00|0.00|0.00|0.00|0.00|0.00|0.00|||0|50|523.20|||10.00|52.32|0.00|0.00|0.00|0.00|01|523.20|0.65|3.40|0.0000|0.0000|523.20|0.00|0.0000|0.0000|0.00|01|523.20|3.00|15.70|0.00|0.0000|0.00|||||||||||
02|14|9901|PROTETOR DE PIA C/ VENTOSA|789674139901-4|39241000|||5401|PC|20.0000|4.4000|88.00||PC|20.0000|4.4000|0.00|0.00|0.00|||||||0|0||0.00|10|0|3|0.00|88.00|18.00|15.84|4|0.00|0.00|38.00|24.05|0.00|0.00|0.00|||0|50|88.00|||10.00|8.80|0.00|0.00|0.00|0.00|01|88.00|0.65|0.57|0.0000|0.0000|88.00|0.00|0.0000|0.0000|0.00|01|88.00|3.00|2.64|0.00|0.0000|0.00|||||||||||
03|5093.14|916.77|133.58|8.21|5093.14|0.00|0.00|0.00|0.00|479.17|0.00|0.00|0.00|5580.52|0.00|0.00|0.00|0.00|0.00|0.00|0.00|0.00|0.00|0.00|0.00|0.00||||233544||0|||NOSSO CARRO|ISENTO|||SP|0.00|0.00|0.00|0.00|5101|1200054|||||||25|Volumes com Ferragens|LEROYJAFET|001/025 a 025/025|265|244||000005|5580.52|0.00|5580.52|000005/1|2010-11-10|5580.52|000005/1|2010-11-10|5580.52|
04|MERCADORIA COM REDESPACHO PELO OPERADOR LOGISTICO: ID DO BRASIL LOGISTICA LTDA CNPJ: 04416849/0004-44 E  E.I. 165697-0 NO ENDERECO: AV: 31 MARCO,2350 ESQ. COM AV: TABOAO VIL. FLORIDA - SAO BERNARDO - CEP: 09660 000 - SP
99|||||||