01|35|6.102.  VENDA|1|0|261685|2009-06-24|2009-06-24|1|3550308|54800768000179|0|72332794000100||DOMINIK COMERCIO.INDUSTRIA E REPRESENTACOES LTDA||ROD BR CENTO E UM                                                     |255|KM 206|ROCADO||SAO JOSE|SC|88108790|1058|BRASIL|4833813300|252662849||||||||||||O MESMO||||||||
02|2|24160|CH ALUMINIO 1200 H14   2.00 X 1.00 X 2.00MM||||6102|Kg|108.0000|11.3000|1220.4000||108.0000|||||||||||||||00|0|0|0.00|1220.40|12.00|146.45|0|||||||||||50|1220.40|||05.00|61.02|||||||||||||||||||||||||||||||||
02|3|25339|CH ALUMINIO 1100 H14  2.00 X 1.00 X 0.50MM||||6102|Kg|46.0000|11.3000|519.8000||46.0000|||||||||||||||00|0|0|0.00|519.80|12.00|62.38|0|||||||||||50|519.80|||05.00|25.99|||||||||||||||||||||||||||||||||
02|4|20070|VERG.ALUMINIO RED. 6351-T6 1"||||6102|Kg|16.5000|11.8000|194.7000||16.5000|||||||||||||||00|0|0|0.00|194.70|12.00|23.36|0|||||||||||50|194.70|||00.00|0.00|||||||||||||||||||||||||||||||||
02|5|20125|VERG.ALUMINIO RED. 6351-T6 2"||||6102|Kg|16.5000|11.8000|194.7000||16.5000|||||||||||||||00|0|0|0.00|194.70|12.00|23.36|0|||||||||||50|194.70|||00.00|0.00|||||||||||||||||||||||||||||||||
02|6|20145|VERG.ALUMINIO RED. 6351-T6 2.1/2"||||6102|Kg|26.0000|11.8000|306.8000||26.0000|||||||||||||||00|0|0|0.00|306.80|12.00|36.82|0|||||||||||50|306.80|||00.00|0.00|||||||||||||||||||||||||||||||||
02|7|22388|TUBO ALUMINIO RED.  3/4" X 1/16"||||6102|Kg|5.5000|11.8000|64.9000||5.5000|||||||||||||||00|0|0|0.00|64.90|12.00|7.79|0|||||||||||50|64.90|||00.00|0.00|||||||||||||||||||||||||||||||||
02|1|24170|CH ALUMINIO 1200 H14   2.00 X 1.00 X 3.00MM||||6102|Kg|32.0000|11.3000|361.6000||32.0000|||||||||||||||00|0|0|0.00|361.60|12.00|43.39|0|||||||||||50|361.60|||05.00|18.08|||||||||||||||||||||||||||||||||
03|2862.90|343.55|||2862.90|0.00|0.00|||105.09|||0.00|2967.99||||||||||||||||||1|81560047000292||ACEVILLE TRANSPORTES LTDA|336374561112|1258||SP||||||||SP|||||01 01 02|BARRA
ENGRADADO 
AMAR.|||250.50|250.50|||2967.99|0.00|2967.99||2009-07-22|1483.99||2009-08-05|1484.00|||||||
04|
