01|35|5.102. VENDA|1|0|99088|2009-07-27|2009-07-27|1|3550308|54800768000250|0|44972594000178||LUIZ CARRARA ARTEZANATO SACRO LT EPP              ||RUA ARAGUAIA                                                          |140||PARI                     |3550308|Sao Paulo|SP|03034000|1058|BRASIL|1132286454|104899045119||||||||||||O MESMO||||||||
02|1|82080|BARRA CHATA DE LATAO 101.60 X 6.35MM||||5102|Kg|21.6000|18.0000|388.8000||21.6000|||||||||||||||00|0|0|0.00|388.80|18.00|69.98|0|||||||||||50|388.80|||05.00|19.44|||||||||||||||||||||||||||||||||
02|2|81675|BARRA CHATA DE LATAO 31.75 X 1.58MM||||5102|Kg|17.8000|18.5000|329.3000||17.8000|||||||||||||||00|0|0|0.00|329.30|18.00|59.27|0|||||||||||50|329.30|||05.00|16.47|||||||||||||||||||||||||||||||||
02|3|81565|BARRA CHATA DE LATAO 15.87 X 4.76MM||||5102|Kg|9.6000|18.5000|177.6000||9.6000|||||||||||||||00|0|0|0.00|177.60|18.00|31.97|0|||||||||||50|177.60|||05.00|8.88|||||||||||||||||||||||||||||||||
02|4|84300|CH LATAO MOLE 1.20 X 0.60 X 0.30MM||||5102|Kg|30.0000|20.5000|615.0000||30.0000|||||||||||||||00|0|0|0.00|615.00|18.00|110.70|0|||||||||||50|615.00|||05.00|30.75|||||||||||||||||||||||||||||||||
02|5|84350|CH LATAO MOLE 1.20 X 0.60 X 1.07MM||||5102|Kg|100.0000|19.0000|1900.0000||100.0000|||||||||||||||00|0|0|0.00|1900.00|18.00|342.00|0|||||||||||50|1900.00|||05.00|95.00|||||||||||||||||||||||||||||||||
02|6|84345|CH LATAO MOLE 1.20 X 0.60 X 0.90MM||||5102|Kg|101.0000|19.0000|1919.0000||101.0000|||||||||||||||00|0|0|0.00|1919.00|18.00|345.42|0|||||||||||50|1919.00|||05.00|95.95|||||||||||||||||||||||||||||||||
02|7|84045|CH LATAO M/D 1.20 X 0.60 X 0.90MM||||5102|Kg|102.5000|19.0000|1947.5000||102.5000|||||||||||||||00|0|0|0.00|1947.50|18.00|350.55|0|||||||||||50|1947.50|||05.00|97.38|||||||||||||||||||||||||||||||||
02|8|84030|CH LATAO M/D 1.20 X 0.60 X 0.63MM||||5102|Kg|101.3000|19.0000|1924.7000||101.3000|||||||||||||||00|0|0|0.00|1924.70|18.00|346.45|0|||||||||||50|1924.70|||05.00|96.24|||||||||||||||||||||||||||||||||
02|9|81270|SOLDA LATAO  1/16"||||5102|Kg|0.6000|22.0000|13.2000||0.6000|||||||||||||||00|0|0|0.00|13.20|18.00|2.38|0|||||||||||50|13.20|||05.00|0.66|||||||||||||||||||||||||||||||||
03|9215.10|1658.72|||9215.10|0.00|0.00|||460.77|||0.00|9675.87||||||||||||||||||1|||NOSSO CARRO||||SP||||||||SP|||||01 01|VOLUME
AMARRADO|||484.40|484.40|||9675.87|0.00|9675.87||2009-08-26|3225.29||2009-09-10|3225.29||2009-09-25|3225.29||||
04|
