01|35|5.102. VENDA|1|0|99089|2009-07-27|2009-07-27|1|3550308|54800768000250|0|44972594000178||LUIZ CARRARA ARTEZANATO SACRO LT EPP              ||RUA ARAGUAIA                                                          |140||PARI                     |3550308|Sao Paulo|SP|03034000|1058|BRASIL|1132286454|104899045119||||||||||||O MESMO||||||||
02|1|80930|VERG.LATAO CLA - QUADR.  1/4"||||5102|Kg|15.6000|16.0000|249.6000||15.6000|||||||||||||||00|0|0|0.00|249.60|18.00|44.93|0|||||||||||50|249.60|||05.00|12.48|||||||||||||||||||||||||||||||||
02|2|80920|VERG.LATAO CLA - QUADR.  3/16"||||5102|Kg|3.0000|16.5000|49.5000||3.0000|||||||||||||||00|0|0|0.00|49.50|18.00|8.91|0|||||||||||50|49.50|||05.00|2.48|||||||||||||||||||||||||||||||||
02|3|80200|VERG.LATAO CLA - RED.  1.1/2"||||5102|Kg|29.0000|14.5000|420.5000||29.0000|||||||||||||||00|0|0|0.00|420.50|18.00|75.69|0|||||||||||50|420.50|||05.00|21.03|||||||||||||||||||||||||||||||||
02|4|80180|VERG.LATAO CLA - RED.  1.1/4"||||5102|Kg|20.0000|14.5000|290.0000||20.0000|||||||||||||||00|0|0|0.00|290.00|18.00|52.20|0|||||||||||50|290.00|||05.00|14.50|||||||||||||||||||||||||||||||||
02|5|80115|VERG.LATAO CLA - RED.  1/2"||||5102|Kg|9.6000|14.5000|139.2000||9.6000|||||||||||||||00|0|0|0.00|139.20|18.00|25.06|0|||||||||||50|139.20|||05.00|6.96|||||||||||||||||||||||||||||||||
02|6|80055|VERG.LATAO CLA - RED.  1/4"||||5102|Kg|4.0000|15.5000|62.0000||4.0000|||||||||||||||00|0|0|0.00|62.00|18.00|11.16|0|||||||||||50|62.00|||05.00|3.10|||||||||||||||||||||||||||||||||
02|7|80155|VERG.LATAO CLA - RED.  15/16" ||||5102|Kg|23.0000|14.5000|333.5000||23.0000|||||||||||||||00|0|0|0.00|333.50|18.00|60.03|0|||||||||||50|333.50|||05.00|16.68|||||||||||||||||||||||||||||||||
02|8|80035|VERG.LATAO CLA - RED.  3/16"||||5102|Kg|2.5000|16.0000|40.0000||2.5000|||||||||||||||00|0|0|0.00|40.00|18.00|7.20|0|||||||||||50|40.00|||05.00|2.00|||||||||||||||||||||||||||||||||
02|9|80140|VERG.LATAO CLA - RED.  3/4"||||5102|Kg|7.4000|14.5000|107.3000||7.4000|||||||||||||||00|0|0|0.00|107.30|18.00|19.31|0|||||||||||50|107.30|||05.00|5.37|||||||||||||||||||||||||||||||||
02|10|80130|VERG.LATAO CLA - RED.  5/8"||||5102|Kg|10.2000|14.5000|147.9000||10.2000|||||||||||||||00|0|0|0.00|147.90|18.00|26.62|0|||||||||||50|147.90|||05.00|7.40|||||||||||||||||||||||||||||||||
03|1839.50|331.11|||1839.50|0.00|0.00|||92.00|||0.00|1931.50||||||||||||||||||1|||NOSSO CARRO||||SP||||||||SP|||||03|AMARRADOS|||124.30|124.30|||1931.50|0.00|1931.50||2009-08-26|643.84||2009-09-10|643.83||2009-09-25|643.83||||
04|
