01|35|5.949.REMESSA P/LOCACAO|2|0|47047|2010-01-06|2010-01-06|1|3550308|65998049000120|0|49047681000132||HOSPITAL CARLOS CHAGAS S/A||RUA BARAO DE MAUA,547|0||CENTRO|3518800|GUARULHOS|SP|07012040||BRASIL|11246351165ISENTO||||||||||||||||||||
02|001|1801SP006|LIXADEIRA PISO MONOF.220V BOMAC|00000000000000||||5949|PC|1.0000|6600.0000|6600.00|00000000000000|000000|0.0000|0.0000||||0||||||||||30|0|3|0.00|0.00|0.00|0.00|5|0.00|0.00|0.00|0.00|0.00|0.00|||||53|0.00|||||0.00|0.00|0.00|0.00|08|||||||||||08||||||0.00|0.00|0.00|0.0000|0.0000|0.00|0.00|0.00|0000000|||
02|002|2107SP015|MOTOR3.0 CV MONOF.220V WEG|00000000000000||||5949|PC|1.0000|600.0000|600.00|00000000000000|000000|0.0000|0.0000||||0||||||||||30|0|3|0.00|0.00|0.00|0.00|5|0.00|0.00|0.00|0.00|0.00|0.00|||||53|0.00|||||0.00|0.00|0.00|0.00|08|||||||||||08||||||0.00|0.00|0.00|0.0000|0.0000|0.00|0.00|0.00|0000000|||
02|003|AC18SP002|CHAVE ELETRICA LOMBARD|00000000000000||||5949|PC|1.0000|84.2500|84.25|00000000000000|000000|0.0000|0.0000||||0||||||||||30|0|3|0.00|0.00|0.00|0.00|5|0.00|0.00|0.00|0.00|0.00|0.00|||||53|0.00|||||0.00|0.00|0.00|0.00|08|||||||||||08||||||0.00|0.00|0.00|0.0000|0.0000|0.00|0.00|0.00|0000000|||
02|004|AC18SP003|SAIA|00000000000000||||5949|PC|1.0000|280.9000|280.90|00000000000000|000000|0.0000|0.0000||||0||||||||||30|0|3|0.00|0.00|0.00|0.00|5|0.00|0.00|0.00|0.00|0.00|0.00|||||53|0.00|||||0.00|0.00|0.00|0.00|08|||||||||||08||||||0.00|0.00|0.00|0.0000|0.0000|0.00|0.00|0.00|0000000|||
02|005|AC18SP004|ALAVANCA DE MANEJO|00000000000000||||5949|PC|1.0000|67.8000|67.80|00000000000000|000000|0.0000|0.0000||||0||||||||||30|0|3|0.00|0.00|0.00|0.00|5|0.00|0.00|0.00|0.00|0.00|0.00|||||53|0.00|||||0.00|0.00|0.00|0.00|08|||||||||||08||||||0.00|0.00|0.00|0.0000|0.0000|0.00|0.00|0.00|0000000|||
02|006|AC18SP012|JG PEDRA C/6 N§24 P/ LIX. DE PISO|00000000000000||||5949|JG|1.0000|90.0000|90.00|00000000000000|000000|0.0000|0.0000||||0||||||||||30|0|3|0.00|0.00|0.00|0.00|5|0.00|0.00|0.00|0.00|0.00|0.00|||||53|0.00|||||0.00|0.00|0.00|0.00|08|||||||||||08||||||0.00|0.00|0.00|0.0000|0.0000|0.00|0.00|0.00|0000000|||
03|0.00|0.00|0.00|0.00|7722.95|0.00|0.00|0.00|0.00|0.00|0.00|0.00|0.00|7722.95|||||||||||||SP|SAO PAULO||||0||||||||0.00|0.00|0.00|0.00||||||||||||||||||||||||||||||||
04||
99||||||||
