01|35|5.949.REMESSA P/LOCACAO|2|0|47039|2010-01-06|2010-01-06|1|3550308|65998049000120|0|03210543000121||MAP CONCRETO E CONSTRUCOES LTDA.||R.TOPAZIO,211-NOMURA|0||NOMURA|3513009|COTIA|SP|06717235||BRASIL|46143335|278133998114||||||||||||||||||||
02|001|0901SP016|CADEIRINHA ELEVADOR GULIN|00000000000000||||5949|PC|1.0000|3500.0000|3500.00|00000000000000|000000|0.0000|0.0000||||0||||||||||30|0|3|0.00|0.00|0.00|0.00|5|0.00|0.00|0.00|0.00|0.00|0.00|||||53|0.00|||||0.00|0.00|0.00|0.00|08|||||||||||08||||||0.00|0.00|0.00|0.0000|0.0000|0.00|0.00|0.00|0000000|||
02|002|6502SP002|TRAVA-QUEDAS MULTIND MOD1886B P/CORDA12MM|00000000000000||||5949|PC|1.0000|385.0000|385.00|00000000000000|000000|0.0000|0.0000||||0||||||||||30|0|3|0.00|0.00|0.00|0.00|5|0.00|0.00|0.00|0.00|0.00|0.00|||||53|0.00|||||0.00|0.00|0.00|0.00|08|||||||||||08||||||0.00|0.00|0.00|0.0000|0.0000|0.00|0.00|0.00|0000000|||
02|003|7301SP018|CINTO DE SEGURANCA TIPO PARAQUEDISTA|00000000000000||||5949|PC|1.0000|46.0000|46.00|00000000000000|000000|0.0000|0.0000||||0||||||||||30|0|3|0.00|0.00|0.00|0.00|5|0.00|0.00|0.00|0.00|0.00|0.00|||||53|0.00|||||0.00|0.00|0.00|0.00|08|||||||||||08||||||0.00|0.00|0.00|0.0000|0.0000|0.00|0.00|0.00|0000000|||
02|004|AC09SP001|ANILHA|00000000000000||||5949|PC|2.0000|4.2400|8.48|00000000000000|000000|0.0000|0.0000||||0||||||||||30|0|3|0.00|0.00|0.00|0.00|5|0.00|0.00|0.00|0.00|0.00|0.00|||||53|0.00|||||0.00|0.00|0.00|0.00|08|||||||||||08||||||0.00|0.00|0.00|0.0000|0.0000|0.00|0.00|0.00|0000000|||
02|005|AC09SP002|ABRACADEIRA C/ PARAFUSO|00000000000000||||5949|PC|2.0000|75.0000|150.00|00000000000000|000000|0.0000|0.0000||||0||||||||||30|0|3|0.00|0.00|0.00|0.00|5|0.00|0.00|0.00|0.00|0.00|0.00|||||53|0.00|||||0.00|0.00|0.00|0.00|08|||||||||||08||||||0.00|0.00|0.00|0.0000|0.0000|0.00|0.00|0.00|0000000|||
02|006|AC09SP003|CABO DE ACO3/16"|00000000000000||||5949|MT|95.0000|2.6000|247.00|00000000000000|000000|0.0000|0.0000||||0||||||||||30|0|3|0.00|0.00|0.00|0.00|5|0.00|0.00|0.00|0.00|0.00|0.00|||||53|0.00|||||0.00|0.00|0.00|0.00|08|||||||||||08||||||0.00|0.00|0.00|0.0000|0.0000|0.00|0.00|0.00|0000000|||
02|007|AC09SP006|CLIPS3/16|00000000000000||||5949|PC|3.0000|1.4000|4.20|00000000000000|000000|0.0000|0.0000||||0||||||||||30|0|3|0.00|0.00|0.00|0.00|5|0.00|0.00|0.00|0.00|0.00|0.00|||||53|0.00|||||0.00|0.00|0.00|0.00|08|||||||||||08||||||0.00|0.00|0.00|0.0000|0.0000|0.00|0.00|0.00|0000000|||
02|008|AC09SP007|CORDA DE NYLON|00000000000000||||5949|MT|80.0000|5.5000|440.00|00000000000000|000000|0.0000|0.0000||||0||||||||||30|0|3|0.00|0.00|0.00|0.00|5|0.00|0.00|0.00|0.00|0.00|0.00|||||53|0.00|||||0.00|0.00|0.00|0.00|08|||||||||||08||||||0.00|0.00|0.00|0.0000|0.0000|0.00|0.00|0.00|0000000|||
02|009|AC09SP010|GANCHO DE FIXACAO VERTICAL AJUSTAVEL|00000000000000||||5949|PC|1.0000|680.0000|680.00|00000000000000|000000|0.0000|0.0000||||0||||||||||30|0|3|0.00|0.00|0.00|0.00|5|0.00|0.00|0.00|0.00|0.00|0.00|||||53|0.00|||||0.00|0.00|0.00|0.00|08|||||||||||08||||||0.00|0.00|0.00|0.0000|0.0000|0.00|0.00|0.00|0000000|||
02|010|AC09SP013|CLIPS1/2|00000000000000||||5949|PC|3.0000|2.1000|6.30|00000000000000|000000|0.0000|0.0000||||0||||||||||30|0|3|0.00|0.00|0.00|0.00|5|0.00|0.00|0.00|0.00|0.00|0.00|||||53|0.00|||||0.00|0.00|0.00|0.00|08|||||||||||08||||||0.00|0.00|0.00|0.0000|0.0000|0.00|0.00|0.00|0000000|||
03|0.00|0.00|0.00|0.00|5466.98|0.00|0.00|0.00|0.00|0.00|0.00|0.00|0.00|5466.98|||||||||||||SP|SAO PAULO||||1||||||||0.00|0.00|0.00|0.00||||||||||||||||||||||||||||||||
04||
99||||||||
