01|35|5.949.REMESSA P/LOCACAO|2|0|47045|2010-01-06|2010-01-06|1|3550308|65998049000120|0|66521717000278||SCAC FUNDACOES E ESTRUTURAS LTDA.||AV.ENG§ BILLINGS,2300|0||JAGUARE|3550308|SAO PAULO|SP|05321010||BRASIL|01137694919112004025110||||||||||||||||||||
02|001|2154SP066|MOTOR GAS13.HP GX390 HONDA|00000000000000||||5949|PC|1.0000|3500.0000|3500.00|00000000000000|000000|0.0000|0.0000||||0||||||||||30|0|3|0.00|0.00|0.00|0.00|5|0.00|0.00|0.00|0.00|0.00|0.00|||||53|0.00|||||0.00|0.00|0.00|0.00|08|||||||||||08||||||0.00|0.00|0.00|0.0000|0.0000|0.00|0.00|0.00|0000000|||
02|002|2519SP008|SERRA P/ PISO CLIPPER GASOLINA|00000000000000||||5949|PC|1.0000|6000.0000|6000.00|00000000000000|000000|0.0000|0.0000||||0||||||||||30|0|3|0.00|0.00|0.00|0.00|5|0.00|0.00|0.00|0.00|0.00|0.00|||||53|0.00|||||0.00|0.00|0.00|0.00|08|||||||||||08||||||0.00|0.00|0.00|0.0000|0.0000|0.00|0.00|0.00|0000000|||
02|003|AC25SP001|CORREIA|00000000000000||||5949|PC|4.0000|16.0000|64.00|00000000000000|000000|0.0000|0.0000||||0||||||||||30|0|3|0.00|0.00|0.00|0.00|5|0.00|0.00|0.00|0.00|0.00|0.00|||||53|0.00|||||0.00|0.00|0.00|0.00|08|||||||||||08||||||0.00|0.00|0.00|0.0000|0.0000|0.00|0.00|0.00|0000000|||
02|004|AC25SP003|COIFA|00000000000000||||5949|PC|1.0000|70.2200|70.22|00000000000000|000000|0.0000|0.0000||||0||||||||||30|0|3|0.00|0.00|0.00|0.00|5|0.00|0.00|0.00|0.00|0.00|0.00|||||53|0.00|||||0.00|0.00|0.00|0.00|08|||||||||||08||||||0.00|0.00|0.00|0.0000|0.0000|0.00|0.00|0.00|0000000|||
02|005|AC25SP005|PORCA DE1"|00000000000000||||5949|PC|1.0000|5.0000|5.00|00000000000000|000000|0.0000|0.0000||||0||||||||||30|0|3|0.00|0.00|0.00|0.00|5|0.00|0.00|0.00|0.00|0.00|0.00|||||53|0.00|||||0.00|0.00|0.00|0.00|08|||||||||||08||||||0.00|0.00|0.00|0.0000|0.0000|0.00|0.00|0.00|0000000|||
02|006|AC25SP006|PARAFUSO1/2 X1.1/2" C/ PORCA BORBOLETA|00000000000000||||5949|PC|2.0000|2.8100|5.62|00000000000000|000000|0.0000|0.0000||||0||||||||||30|0|3|0.00|0.00|0.00|0.00|5|0.00|0.00|0.00|0.00|0.00|0.00|||||53|0.00|||||0.00|0.00|0.00|0.00|08|||||||||||08||||||0.00|0.00|0.00|0.0000|0.0000|0.00|0.00|0.00|0000000|||
02|007|AC25SP010|CHAVE MEIA LUA ESPECIAL|00000000000000||||5949|PC|1.0000|45.0000|45.00|00000000000000|000000|0.0000|0.0000||||0||||||||||30|0|3|0.00|0.00|0.00|0.00|5|0.00|0.00|0.00|0.00|0.00|0.00|||||53|0.00|||||0.00|0.00|0.00|0.00|08|||||||||||08||||||0.00|0.00|0.00|0.0000|0.0000|0.00|0.00|0.00|0000000|||
03|0.00|0.00|0.00|0.00|9689.84|0.00|0.00|0.00|0.00|0.00|0.00|0.00|0.00|9689.84|||||||||||||SP|SAO PAULO||||1||||||||0.00|0.00|0.00|0.00||||||||||||||||||||||||||||||||
04||
99||||||||
