01|35|5.101 - VENDA DENT ESTADO|1|0|000089|2010-07-07||1|3550308|56991334000129|1|03439316003350||CONSTRUDECOR S/A|Carine.santos@dicico.com.br|R:DR.WAGNER A. ALBUQUERQUE|100||CIDADE INDUSTRIAL|3518800|GUARULHOS|SP|07230630|1058|BRASIL|2085-4551|336828084115|||||||||||||||||||
02|1|0162|VARAL SANFONADO RENOVAR 1,00 M|789925780162-0|73239900|||5101|PC|318.0000|15.3600|4884.48||PC|318.0000|15.3600|0.00|0.00|0.00|||||||0|0||0.00|00|0|3|0.00|4884.48|18.00|879.21|0|0.00|0.00|0.00|0.00|0.00|0.00|0.00|||0|50|4884.48|||10.00|488.45|0.00|0.00|0.00|0.00|01|4884.48|0.65|31.75|0.0000|0.0000|4884.48|0.00|0.0000|0.0000|0.00|01|4884.48|3.00|146.53|0.00|0.0000|0.00|||||||||||
02|2|0164|VARAL PORTATIL DE PISO RENOVAR|789925780164-4|73239900|||5101|PC|430.0000|17.8600|7679.80||PC|430.0000|17.8600|0.00|0.00|0.00|||||||0|0||0.00|00|0|3|0.00|7679.80|18.00|1382.36|0|0.00|0.00|0.00|0.00|0.00|0.00|0.00|||0|50|7679.80|||10.00|767.98|0.00|0.00|0.00|0.00|01|7679.80|0.65|49.92|0.0000|0.0000|7679.80|0.00|0.0000|0.0000|0.00|01|7679.80|3.00|230.39|0.00|0.0000|0.00|||||||||||
02|3|1332|TUBO EXTEN.PRONTO FIX 0,90 A 1,03 M|789674131332-4|83024900|||5101|PC|25.0000|4.9400|123.50||PC|25.0000|4.9400|0.00|0.00|0.00|||||||0|0||0.00|00|0|3|0.00|123.50|18.00|22.23|0|0.00|0.00|0.00|0.00|0.00|0.00|0.00|||0|50|123.50|||10.00|12.35|0.00|0.00|0.00|0.00|01|123.50|0.65|0.80|0.0000|0.0000|123.50|0.00|0.0000|0.0000|0.00|01|123.50|3.00|3.71|0.00|0.0000|0.00|||||||||||
02|4|1333|TUBO EXTEN. PRONTO FIX 1,05 A 1,18M|789674131333-1|83024900|||5101|PC|25.0000|5.4300|135.75||PC|25.0000|5.4300|0.00|0.00|0.00|||||||0|0||0.00|00|0|3|0.00|135.75|18.00|24.44|0|0.00|0.00|0.00|0.00|0.00|0.00|0.00|||0|50|135.75|||10.00|13.58|0.00|0.00|0.00|0.00|01|135.75|0.65|0.88|0.0000|0.0000|135.75|0.00|0.0000|0.0000|0.00|01|135.75|3.00|4.07|0.00|0.0000|0.00|||||||||||
02|5|1335|TUBO EXTEN.PRONTO FIX 1,35 A 1,48 M|789674131335-5|83024900|||5101|PC|25.0000|6.2700|156.75||PC|25.0000|6.2700|0.00|0.00|0.00|||||||0|0||0.00|00|0|3|0.00|156.75|18.00|28.22|0|0.00|0.00|0.00|0.00|0.00|0.00|0.00|||0|50|156.75|||10.00|15.68|0.00|0.00|0.00|0.00|01|156.75|0.65|1.02|0.0000|0.0000|156.75|0.00|0.0000|0.0000|0.00|01|156.75|3.00|4.70|0.00|0.0000|0.00|||||||||||
02|6|1337|TUBO EXTEN.PRONTO FIX 1.65 A 1.78 M|789674131337-9|83024900|||5101|PC|20.0000|6.9600|139.20||PC|20.0000|6.9600|0.00|0.00|0.00|||||||0|0||0.00|00|0|3|0.00|139.20|18.00|25.06|0|0.00|0.00|0.00|0.00|0.00|0.00|0.00|||0|50|139.20|||10.00|13.92|0.00|0.00|0.00|0.00|01|139.20|0.65|0.90|0.0000|0.0000|139.20|0.00|0.0000|0.0000|0.00|01|139.20|3.00|4.18|0.00|0.0000|0.00|||||||||||
02|7|1338|TUBO EXTEN.PRONTO FIX 1.80 A 1.93 M|789674131338-6|83024900|||5101|PC|40.0000|7.3300|293.20||PC|40.0000|7.3300|0.00|0.00|0.00|||||||0|0||0.00|00|0|3|0.00|293.20|18.00|52.76|0|0.00|0.00|0.00|0.00|0.00|0.00|0.00|||0|50|293.20|||10.00|29.32|0.00|0.00|0.00|0.00|01|293.20|0.65|1.91|0.0000|0.0000|293.20|0.00|0.0000|0.0000|0.00|01|293.20|3.00|8.80|0.00|0.0000|0.00|||||||||||
02|8|6087|VARAL DE TETO EM ALUMINIO 1,20M|789674136087-8|76151900|||5401|PC|30.0000|30.1500|904.50||PC|30.0000|30.1500|0.00|0.00|0.00|||||||0|0||0.00|10|0|3|0.00|904.50|18.00|162.81|4|0.00|0.00|58.00|282.96|0.00|0.00|0.00|||0|50|904.50|||10.00|90.45|0.00|0.00|0.00|0.00|01|904.50|0.65|5.88|0.0000|0.0000|904.50|0.00|0.0000|0.0000|0.00|01|904.50|3.00|27.14|0.00|0.0000|0.00|||||||||||
02|9|6208|VARAL SANFONADO EM ALUM INIO  0,77M|789674136208-7|76151900|||5401|PC|40.0000|27.4600|1098.40||PC|40.0000|27.4600|0.00|0.00|0.00|||||||0|0||0.00|10|0|3|0.00|1098.40|18.00|197.71|4|0.00|0.00|58.00|343.62|0.00|0.00|0.00|||0|50|1098.40|||10.00|109.84|0.00|0.00|0.00|0.00|01|1098.40|0.65|7.14|0.0000|0.0000|1098.40|0.00|0.0000|0.0000|0.00|01|1098.40|3.00|32.95|0.00|0.0000|0.00|||||||||||
02|10|6209|VARAL SANFONADO EM ALUMINIO 1,00M|789674136209-4|76151900|||5401|PC|45.0000|29.9000|1345.50||PC|45.0000|29.9000|0.00|0.00|0.00|||||||0|0||0.00|10|0|3|0.00|1345.50|18.00|242.19|4|0.00|0.00|58.00|420.93|0.00|0.00|0.00|||0|50|1345.50|||10.00|134.55|0.00|0.00|0.00|0.00|01|1345.50|0.65|8.75|0.0000|0.0000|1345.50|0.00|0.0000|0.0000|0.00|01|1345.50|3.00|40.37|0.00|0.0000|0.00|||||||||||
02|11|7005|VARAL MASTER INNOVAR INDIV. 1,00 M|789674137005-1|73239900|||5101|PC|6.0000|74.9100|449.46||PC|6.0000|74.9100|0.00|0.00|0.00|||||||0|0||0.00|00|0|3|0.00|449.46|18.00|80.90|0|0.00|0.00|0.00|0.00|0.00|0.00|0.00|||0|50|449.46|||10.00|44.95|0.00|0.00|0.00|0.00|01|449.46|0.65|2.92|0.0000|0.0000|449.46|0.00|0.0000|0.0000|0.00|01|449.46|3.00|13.48|0.00|0.0000|0.00|||||||||||
02|12|7006|VARAL MASTER INNOVAR INDIV. 1,20 M|789674137006-8|73239900|||5101|PC|24.0000|80.0500|1921.20||PC|24.0000|80.0500|0.00|0.00|0.00|||||||0|0||0.00|00|0|3|0.00|1921.20|18.00|345.82|0|0.00|0.00|0.00|0.00|0.00|0.00|0.00|||0|50|1921.20|||10.00|192.12|0.00|0.00|0.00|0.00|01|1921.20|0.65|12.49|0.0000|0.0000|1921.20|0.00|0.0000|0.0000|0.00|01|1921.20|3.00|57.64|0.00|0.0000|0.00|||||||||||
02|13|7008|VARAL MASTER INNOVAR indiv. 1,50 m|789674137008-2|73239900|||5101|PC|36.0000|88.4200|3183.12||PC|36.0000|88.4200|0.00|0.00|0.00|||||||0|0||0.00|00|0|3|0.00|3183.12|18.00|572.96|0|0.00|0.00|0.00|0.00|0.00|0.00|0.00|||0|50|3183.12|||10.00|318.31|0.00|0.00|0.00|0.00|01|3183.12|0.65|20.69|0.0000|0.0000|3183.12|0.00|0.0000|0.0000|0.00|01|3183.12|3.00|95.49|0.00|0.0000|0.00|||||||||||
02|14|7281|VARAL DE ACO REVESTIDO PVC 15 M|789674137281-9|73239900|||5102|PC|20.0000|7.5000|150.00||PC|20.0000|7.5000|0.00|0.00|0.00|||||||0|0||0.00|00|0|3|0.00|150.00|18.00|27.00|0|0.00|0.00|0.00|0.00|0.00|0.00|0.00|||0|52||||||0.00|0.00|0.00|0.00|01|150.00|0.65|0.98|0.0000|0.0000|150.00|0.00|0.0000|0.0000|0.00|01|150.00|3.00|4.50|0.00|0.0000|0.00|||||||||||
02|15|7282|VARAL DE ACO REVESTIDO PVC 20 M|789674137282-6|73239900|||5102|PC|80.0000|9.4900|759.20||PC|80.0000|9.4900|0.00|0.00|0.00|||||||0|0||0.00|00|0|3|0.00|759.20|18.00|136.66|0|0.00|0.00|0.00|0.00|0.00|0.00|0.00|||0|52||||||0.00|0.00|0.00|0.00|01|759.20|0.65|4.93|0.0000|0.0000|759.20|0.00|0.0000|0.0000|0.00|01|759.20|3.00|22.78|0.00|0.0000|0.00|||||||||||
02|16|7285|VARAL INVISIVEL|789674137285-7|39249000|||5101|PC|20.0000|6.6000|132.00||PC|20.0000|6.6000|0.00|0.00|0.00|||||||0|0||0.00|00|0|3|0.00|132.00|18.00|23.76|0|0.00|0.00|0.00|0.00|0.00|0.00|0.00|||0|50|132.00|||10.00|13.20|0.00|0.00|0.00|0.00|01|132.00|0.65|0.86|0.0000|0.0000|132.00|0.00|0.0000|0.0000|0.00|01|132.00|3.00|3.96|0.00|0.0000|0.00|||||||||||
02|17|7289|VARAL PAREDE POLIMAX COM 5 CORDAS|789674137289-5|73239900|||5101|PC|12.0000|23.1500|277.80||PC|12.0000|23.1500|0.00|0.00|0.00|||||||0|0||0.00|00|0|3|0.00|277.80|18.00|50.00|0|0.00|0.00|0.00|0.00|0.00|0.00|0.00|||0|50|277.80|||10.00|27.78|0.00|0.00|0.00|0.00|01|277.80|0.65|1.81|0.0000|0.0000|277.80|0.00|0.0000|0.0000|0.00|01|277.80|3.00|8.33|0.00|0.0000|0.00|||||||||||
03|23633.86|4254.09|5819.52|444.80|23633.86|0.00|0.00|0.00|0.00|2272.48|0.00|0.00|0.00|26351.14|0.00|0.00|0.00|0.00|0.00|0.00|0.00|0.00|0.00|0.00|0.00|0.00||||239860|4500089529|0||||||||0.00|0.00|0.00|0.00|5101||||||||141|Volumes com Ferragens|DECOR-CD|001/141 a 141/141|1724|1792||000089|26351.14|0.00|26351.14|000089/1|2010-10-10|26351.14|
04|
99|||||||