01|35|5.101 - VENDA DENT ESTADO|1|0|000092|2010-07-07||1|3550308|56991334000129|1|45543915008913||CARREFOUR COM E IND S/A|pool_adm_cartas@carrefour.com|AV DR.MAURO LIND. MONTEIRO|668||SANTA FE|3534401|OSASCO|SP|00000000|1058|BRASIL||492518520116|||||||||||||||||||
02|1|1302/C|TUBO EXTENS. P/CORTINAS 0,90X1,40 M||83024900|||5101|PC|50.0000|11.5500|577.50||PC|50.0000|11.5500|0.00|0.00|0.00|||||||0|0||0.00|00|0|3|0.00|577.50|18.00|103.95|0|0.00|0.00|0.00|0.00|0.00|0.00|0.00|||0|50|577.50|||10.00|57.75|0.00|0.00|0.00|0.00|01|577.50|0.65|3.75|0.0000|0.0000|577.50|0.00|0.0000|0.0000|0.00|01|577.50|3.00|17.33|0.00|0.0000|0.00|||||||||||
02|2|1332/C|PRONTO FIX 0,90X1,03M||83024900|||5101|PC|25.0000|8.2900|207.25||PC|25.0000|8.2900|0.00|0.00|0.00|||||||0|0||0.00|00|0|3|0.00|207.25|18.00|37.31|0|0.00|0.00|0.00|0.00|0.00|0.00|0.00|||0|50|207.25|||10.00|20.73|0.00|0.00|0.00|0.00|01|207.25|0.65|1.35|0.0000|0.0000|207.25|0.00|0.0000|0.0000|0.00|01|207.25|3.00|6.22|0.00|0.0000|0.00|||||||||||
02|3|1334/C|PRONTO FIX 1,20X1,33 M||83024900|||5101|PC|25.0000|9.5100|237.75||PC|25.0000|9.5100|0.00|0.00|0.00|||||||0|0||0.00|00|0|3|0.00|237.75|18.00|42.79|0|0.00|0.00|0.00|0.00|0.00|0.00|0.00|||0|50|237.75|||10.00|23.78|0.00|0.00|0.00|0.00|01|237.75|0.65|1.55|0.0000|0.0000|237.75|0.00|0.0000|0.0000|0.00|01|237.75|3.00|7.13|0.00|0.0000|0.00|||||||||||
02|4|6113/C|PREGADORES C/ ARGOLAS||39249000|||5101|CT|80.0000|8.4600|676.80||PC|80.0000|8.4600|0.00|0.00|0.00|||||||0|0||0.00|00|0|3|0.00|676.80|18.00|121.82|0|0.00|0.00|0.00|0.00|0.00|0.00|0.00|||0|50|676.80|||10.00|67.68|0.00|0.00|0.00|0.00|01|676.80|0.65|4.40|0.0000|0.0000|676.80|0.00|0.0000|0.0000|0.00|01|676.80|3.00|20.30|0.00|0.0000|0.00|||||||||||
02|5|6996/C|MINI VARAL FLY C/ 12 PREGADORES||39249000|||5102|PC|110.0000|10.2100|1123.10||PC|110.0000|10.2100|0.00|0.00|0.00|||||||0|0||0.00|00|0|3|0.00|1123.10|18.00|202.16|0|0.00|0.00|0.00|0.00|0.00|0.00|0.00|||0|52||||||0.00|0.00|0.00|0.00|01|1123.10|0.65|7.30|0.0000|0.0000|1123.10|0.00|0.0000|0.0000|0.00|01|1123.10|3.00|33.69|0.00|0.0000|0.00|||||||||||
02|6|6999/C|VARAL SANFONADO EM ACO 1,00 M||73239900|||5101|PC|75.0000|29.9300|2244.75||PC|75.0000|29.9300|0.00|0.00|0.00|||||||0|0||0.00|00|0|3|0.00|2244.75|18.00|404.06|0|0.00|0.00|0.00|0.00|0.00|0.00|0.00|||0|50|2244.75|||10.00|224.48|0.00|0.00|0.00|0.00|01|2244.75|0.65|14.59|0.0000|0.0000|2244.75|0.00|0.0000|0.0000|0.00|01|2244.75|3.00|67.34|0.00|0.0000|0.00|||||||||||
02|7|7000/C|VARAL SANFONADO EM ACO 0,77 M||73239900|||5101|PC|90.0000|26.2000|2358.00||PC|90.0000|26.2000|0.00|0.00|0.00|||||||0|0||0.00|00|0|3|0.00|2358.00|18.00|424.44|0|0.00|0.00|0.00|0.00|0.00|0.00|0.00|||0|50|2358.00|||10.00|235.80|0.00|0.00|0.00|0.00|01|2358.00|0.65|15.33|0.0000|0.0000|2358.00|0.00|0.0000|0.0000|0.00|01|2358.00|3.00|70.74|0.00|0.0000|0.00|||||||||||
02|8|7001/C|VARAL PORTATIL DE CHAO EM ACO||73239900|||5101|PC|90.0000|45.3600|4082.40||PC|90.0000|45.3600|0.00|0.00|0.00|||||||0|0||0.00|00|0|3|0.00|4082.40|18.00|734.83|0|0.00|0.00|0.00|0.00|0.00|0.00|0.00|||0|50|4082.40|||10.00|408.24|0.00|0.00|0.00|0.00|01|4082.40|0.65|26.54|0.0000|0.0000|4082.40|0.00|0.0000|0.0000|0.00|01|4082.40|3.00|122.47|0.00|0.0000|0.00|||||||||||
02|9|7272/C|VARAL AUTOMATICO C/ 5 CORDAS||39249000|||5102|PC|90.0000|24.2100|2178.90||PC|90.0000|24.2100|0.00|0.00|0.00|||||||0|0||0.00|00|0|3|0.00|2178.90|18.00|392.20|0|0.00|0.00|0.00|0.00|0.00|0.00|0.00|||0|50|2178.90|||10.00|217.89|0.00|0.00|0.00|0.00|01|2178.90|0.65|14.16|0.0000|0.0000|2178.90|0.00|0.0000|0.0000|0.00|01|2178.90|3.00|65.37|0.00|0.0000|0.00|||||||||||
02|10|7280/C|VARAL DE ACO REVESTIDO PVC 10 MTS||73239900|||5102|PC|100.0000|4.4300|443.00||PC|100.0000|4.4300|0.00|0.00|0.00|||||||0|0||0.00|00|0|3|0.00|443.00|18.00|79.74|0|0.00|0.00|0.00|0.00|0.00|0.00|0.00|||0|52||||||0.00|0.00|0.00|0.00|01|443.00|0.65|2.88|0.0000|0.0000|443.00|0.00|0.0000|0.0000|0.00|01|443.00|3.00|13.29|0.00|0.0000|0.00|||||||||||
02|11|7289/C|VARAL PAREDE POLIMAX COM 5 CORDAS||73239900|||5101|PC|84.0000|31.5200|2647.68||PC|84.0000|31.5200|0.00|0.00|0.00|||||||0|0||0.00|00|0|3|0.00|2647.68|18.00|476.58|0|0.00|0.00|0.00|0.00|0.00|0.00|0.00|||0|50|2647.68|||10.00|264.77|0.00|0.00|0.00|0.00|01|2647.68|0.65|17.21|0.0000|0.0000|2647.68|0.00|0.0000|0.0000|0.00|01|2647.68|3.00|79.43|0.00|0.0000|0.00|||||||||||
03|16777.13|3019.88|0.00|0.00|16777.13|0.00|0.00|0.00|0.00|1521.12|0.00|0.00|0.00|18298.25|0.00|0.00|0.00|0.00|0.00|0.00|0.00|0.00|0.00|0.00|0.00|0.00||||239725|761389|0||||||||0.00|0.00|0.00|0.00|5101||||||||95|Volumes com Ferragens|CARREF CDT|001/095 a 095/095|563|608||000092|18298.25|0.00|18298.25|000092/1|2010-10-07|18298.25|
04|
99|||||||