01|35|5.101 - VENDA DENT ESTADO|1|0|000093|2010-07-07||1|3550308|56991334000129|1|45543915008913||CARREFOUR COM E IND S/A|pool_adm_cartas@carrefour.com|AV DR.MAURO LIND. MONTEIRO|668||SANTA FE|3534401|OSASCO|SP|00000000|1058|BRASIL||492518520116|||||||||||||||||||
02|1|1332/C|PRONTO FIX 0,90X1,03M||83024900|||5101|PC|75.0000|8.2900|621.75||PC|75.0000|8.2900|0.00|0.00|0.00|||||||0|0||0.00|00|0|3|0.00|621.75|18.00|111.92|0|0.00|0.00|0.00|0.00|0.00|0.00|0.00|||0|50|621.75|||10.00|62.18|0.00|0.00|0.00|0.00|01|621.75|0.65|4.04|0.0000|0.0000|621.75|0.00|0.0000|0.0000|0.00|01|621.75|3.00|18.65|0.00|0.0000|0.00|||||||||||
02|2|1334/C|PRONTO FIX 1,20X1,33 M||83024900|||5101|PC|50.0000|9.5100|475.50||PC|50.0000|9.5100|0.00|0.00|0.00|||||||0|0||0.00|00|0|3|0.00|475.50|18.00|85.58|0|0.00|0.00|0.00|0.00|0.00|0.00|0.00|||0|50|475.50|||10.00|47.55|0.00|0.00|0.00|0.00|01|475.50|0.65|3.09|0.0000|0.0000|475.50|0.00|0.0000|0.0000|0.00|01|475.50|3.00|14.27|0.00|0.0000|0.00|||||||||||
02|3|6996/C|MINI VARAL FLY C/ 12 PREGADORES||39249000|||5102|PC|70.0000|10.2100|714.70||PC|70.0000|10.2100|0.00|0.00|0.00|||||||0|0||0.00|00|0|3|0.00|714.70|18.00|128.65|0|0.00|0.00|0.00|0.00|0.00|0.00|0.00|||0|52||||||0.00|0.00|0.00|0.00|01|714.70|0.65|4.65|0.0000|0.0000|714.70|0.00|0.0000|0.0000|0.00|01|714.70|3.00|21.44|0.00|0.0000|0.00|||||||||||
02|4|6999/C|VARAL SANFONADO EM ACO 1,00 M||73239900|||5101|PC|40.0000|29.9300|1197.20||PC|40.0000|29.9300|0.00|0.00|0.00|||||||0|0||0.00|00|0|3|0.00|1197.20|18.00|215.50|0|0.00|0.00|0.00|0.00|0.00|0.00|0.00|||0|50|1197.20|||10.00|119.72|0.00|0.00|0.00|0.00|01|1197.20|0.65|7.78|0.0000|0.0000|1197.20|0.00|0.0000|0.0000|0.00|01|1197.20|3.00|35.92|0.00|0.0000|0.00|||||||||||
02|5|7000/C|VARAL SANFONADO EM ACO 0,77 M||73239900|||5101|PC|55.0000|26.2000|1441.00||PC|55.0000|26.2000|0.00|0.00|0.00|||||||0|0||0.00|00|0|3|0.00|1441.00|18.00|259.38|0|0.00|0.00|0.00|0.00|0.00|0.00|0.00|||0|50|1441.00|||10.00|144.10|0.00|0.00|0.00|0.00|01|1441.00|0.65|9.37|0.0000|0.0000|1441.00|0.00|0.0000|0.0000|0.00|01|1441.00|3.00|43.23|0.00|0.0000|0.00|||||||||||
02|6|7001/C|VARAL PORTATIL DE CHAO EM ACO||73239900|||5101|PC|10.0000|45.3600|453.60||PC|10.0000|45.3600|0.00|0.00|0.00|||||||0|0||0.00|00|0|3|0.00|453.60|18.00|81.65|0|0.00|0.00|0.00|0.00|0.00|0.00|0.00|||0|50|453.60|||10.00|45.36|0.00|0.00|0.00|0.00|01|453.60|0.65|2.95|0.0000|0.0000|453.60|0.00|0.0000|0.0000|0.00|01|453.60|3.00|13.61|0.00|0.0000|0.00|||||||||||
02|7|7272/C|VARAL AUTOMATICO C/ 5 CORDAS||39249000|||5102|PC|30.0000|24.2100|726.30||PC|30.0000|24.2100|0.00|0.00|0.00|||||||0|0||0.00|00|0|3|0.00|726.30|18.00|130.73|0|0.00|0.00|0.00|0.00|0.00|0.00|0.00|||0|50|726.30|||10.00|72.63|0.00|0.00|0.00|0.00|01|726.30|0.65|4.72|0.0000|0.0000|726.30|0.00|0.0000|0.0000|0.00|01|726.30|3.00|21.79|0.00|0.0000|0.00|||||||||||
02|8|7280/C|VARAL DE ACO REVESTIDO PVC 10 MTS||73239900|||5102|PC|20.0000|4.4300|88.60||PC|20.0000|4.4300|0.00|0.00|0.00|||||||0|0||0.00|00|0|3|0.00|88.60|18.00|15.95|0|0.00|0.00|0.00|0.00|0.00|0.00|0.00|||0|52||||||0.00|0.00|0.00|0.00|01|88.60|0.65|0.58|0.0000|0.0000|88.60|0.00|0.0000|0.0000|0.00|01|88.60|3.00|2.66|0.00|0.0000|0.00|||||||||||
02|9|7289/C|VARAL PAREDE POLIMAX COM 5 CORDAS||73239900|||5101|PC|36.0000|31.5200|1134.72||PC|36.0000|31.5200|0.00|0.00|0.00|||||||0|0||0.00|00|0|3|0.00|1134.72|18.00|204.25|0|0.00|0.00|0.00|0.00|0.00|0.00|0.00|||0|50|1134.72|||10.00|113.47|0.00|0.00|0.00|0.00|01|1134.72|0.65|7.38|0.0000|0.0000|1134.72|0.00|0.0000|0.0000|0.00|01|1134.72|3.00|34.04|0.00|0.0000|0.00|||||||||||
03|6853.37|1233.61|0.00|0.00|6853.37|0.00|0.00|0.00|0.00|605.01|0.00|0.00|0.00|7458.38|0.00|0.00|0.00|0.00|0.00|0.00|0.00|0.00|0.00|0.00|0.00|0.00||||239592|758914|0||||||||0.00|0.00|0.00|0.00|5101||||||||44|Volumes com Ferragens|CARREF CDT|001/044 a 044/044|238|259||000093|7458.38|0.00|7458.38|000093/1|2010-10-07|7458.38|
04|
99|||||||