01|35|5.102. VENDA|0|0|265405|2009-08-18|2009-08-18|1|3550308|54800768000179|0|02827605000186||DMC EQUIPAMENTOS LTDA. EPP.                       ||R DR. SEBASTIAO DE MORAES                                             |831||PQ.SANTA FELICIA JD.     |3548906|Sao Carlos|SP|13562030|1058|BRASIL|1621072323|637140186111||||||||||||||||||||
02|1|20010|VERG.ALUMINIO RED. 6351-T6 1/4"||||5102|Kg|0.5200|12.0000|6.2400||0.5200|||||||||||||||00|0|0|0.00|6.24|18.00|1.12|0|||||||||||50|6.24|||00.00|0.00|||||||||||||||||||||||||||||||||
02|2|20020|VERG.ALUMINIO RED. 6351-T6 3/8"||||5102|Kg|0.5800|12.0000|6.9600||0.5800|||||||||||||||00|0|0|0.00|6.96|18.00|1.25|0|||||||||||50|6.96|||00.00|0.00|||||||||||||||||||||||||||||||||
02|3|20030|VERG.ALUMINIO RED. 6351-T6 1/2"||||5102|Kg|6.0000|12.0000|72.0000||6.0000|||||||||||||||00|0|0|0.00|72.00|18.00|12.96|0|||||||||||50|72.00|||00.00|0.00|||||||||||||||||||||||||||||||||
02|4|20040|VERG.ALUMINIO RED. 6351-T6 5/8"||||5102|Kg|3.0000|12.0000|36.0000||3.0000|||||||||||||||00|0|0|0.00|36.00|18.00|6.48|0|||||||||||50|36.00|||00.00|0.00|||||||||||||||||||||||||||||||||
02|5|20050|VERG.ALUMINIO RED. 6351-T6 3/4"||||5102|Kg|4.5000|12.0000|54.0000||4.5000|||||||||||||||00|0|0|0.00|54.00|18.00|9.72|0|||||||||||50|54.00|||00.00|0.00|||||||||||||||||||||||||||||||||
02|6|20060|VERG.ALUMINIO RED. 6351-T6 7/8"||||5102|Kg|18.5000|12.0000|222.0000||18.5000|||||||||||||||00|0|0|0.00|222.00|18.00|39.96|0|||||||||||50|222.00|||00.00|0.00|||||||||||||||||||||||||||||||||
02|7|20070|VERG.ALUMINIO RED. 6351-T6 1"||||5102|Kg|33.5000|12.0000|402.0000||33.5000|||||||||||||||00|0|0|0.00|402.00|18.00|72.36|0|||||||||||50|402.00|||00.00|0.00|||||||||||||||||||||||||||||||||
02|8|20105|VERG.ALUMINIO RED. 6351-T6 1.1/2"||||5102|Kg|37.0000|12.0000|444.0000||37.0000|||||||||||||||00|0|0|0.00|444.00|18.00|79.92|0|||||||||||50|444.00|||00.00|0.00|||||||||||||||||||||||||||||||||
02|9|20090|VERG.ALUMINIO RED. 6351-T6 1.1/4"||||5102|Kg|12.5000|12.0000|150.0000||12.5000|||||||||||||||00|0|0|0.00|150.00|18.00|27.00|0|||||||||||50|150.00|||00.00|0.00|||||||||||||||||||||||||||||||||
03|1393.20|250.78|||1393.20|0.00|0.00|||0.00|||0.00|1393.20||||||||||||||||||1|61020794000254||TRANSCARGA - TRANSP. TRANSCARGA SAO CARLOS LTDA|113178870112|10||SP||||||||SP|||||03|AMARRADOS|||116.10|116.10|||1393.20|0.00|1393.20||2009-09-17|1393.20||||||||||
04|
