01|35|6.102.  VENDA|1|0|100510|2009-08-18|2009-08-18|1|3550308|54800768000250|0|01891491000170||RACIONAL UBA LTDA                                 ||R ANTONIO ROCHA                                                       |172||SANTA ALICE              ||UBA|MG|36500000|1058|BRASIL|3235391810|699692540004||||||||||||||||||||
02|1|60075|VERG.COBRE RED.  3/8"||||6102|Kg|96.5000|22.0000|2123.0000||96.5000|||||||||||||||00|0|0|0.00|2123.00|12.00|254.76|0|||||||||||50|2123.00|||05.00|106.15|||||||||||||||||||||||||||||||||
02|2|60738|BARRA CHATA DE COBRE 25.40 X 6.35MM||||6102|Kg|26.0000|22.0000|572.0000||26.0000|||||||||||||||00|0|0|0.00|572.00|12.00|68.64|0|||||||||||50|572.00|||05.00|28.60|||||||||||||||||||||||||||||||||
02|3|60749|BARRA CHATA DE COBRE 31.75 X 6.35MM||||6102|Kg|32.5000|22.0000|715.0000||32.5000|||||||||||||||00|0|0|0.00|715.00|12.00|85.80|0|||||||||||50|715.00|||05.00|35.75|||||||||||||||||||||||||||||||||
02|4|60769|BARRA CHATA DE COBRE 38.10 X 6.35MM||||6102|Kg|39.0000|22.0000|858.0000||39.0000|||||||||||||||00|0|0|0.00|858.00|12.00|102.96|0|||||||||||50|858.00|||05.00|42.90|||||||||||||||||||||||||||||||||
02|5|60797|BARRA CHATA DE COBRE 50.80 X 6.35MM||||6102|Kg|34.5000|22.0000|759.0000||34.5000|||||||||||||||00|0|0|0.00|759.00|12.00|91.08|0|||||||||||50|759.00|||05.00|37.95|||||||||||||||||||||||||||||||||
02|6|60770|BARRA CHATA DE COBRE 38.10 X 7.93MM||||6102|Kg|49.0000|22.0000|1078.0000||49.0000|||||||||||||||00|0|0|0.00|1078.00|12.00|129.36|0|||||||||||50|1078.00|||05.00|53.90|||||||||||||||||||||||||||||||||
02|7|60737|BARRA CHATA DE COBRE 25.40 X 4.76MM||||6102|Kg|19.0000|22.0000|418.0000||19.0000|||||||||||||||00|0|0|0.00|418.00|12.00|50.16|0|||||||||||50|418.00|||05.00|20.90|||||||||||||||||||||||||||||||||
03|6523.00|782.76|||6523.00|0.00|0.00|||326.15|||0.00|6849.15||||||||||||||||||1|25335282000370||TRANSPORTE CAMILO DOS SANTOS LTDA|112128267115|01||SP||||||||SP|||||06|AMARRADOS|||296.50|296.50|||6849.15|0.00|6849.15||2009-09-17|2283.05||2009-10-02|2283.05||2009-10-17|2283.05||||
04|
