01|35|Retirada de mercadoria depositada em deposito fechado ou arm|2|1|1|2009-11-04||1|3550308|02648146000335|0|02648146000173||ESSEK COML.IMP.EXP.LTDA||CONSELHEIRO SARAIVA|1036||SANTANA|3550308|Sao Paulo|SP|02037021|105|BRASIL||115320586110||||||||||||||||||||
02|1|00023|PRATOS 24 CM||85169000|0|0|5906|UN|1380.0000|1.5300|2111.40||UN|1380.0000|1.5300|0.00|0.00|0.00|||||||||||41|1|||||||||||||0|||0|53|2111.40|0.0000|0.0000|0.00|0.00|0.00|0.00|0.00|0.00|07|2111.40|0.00|0.00|0.0000|0.0000|0.00|0.00|0.0000|0.0000|0.00|07|2111.4000|0.00|0.00|0.0000|0.0000|0.0000|0.00|0.00|0.0000|0.0000|0.00|0.00|0.00|0|0||
02|2|00067|PRATO P. MICRO ONDAS 27 CM||85169000|0|0|5906|UN|352.0000|2.2300|784.96||UN|352.0000|2.2300|0.00|0.00|0.00|||||||||||41|1|||||||||||||0|||0|53|784.96|0.0000|0.0000|0.00|0.00|0.00|0.00|0.00|0.00|07|784.96|0.00|0.00|0.0000|0.0000|0.00|0.00|0.0000|0.0000|0.00|07|784.9600|0.00|0.00|0.0000|0.0000|0.0000|0.00|0.00|0.0000|0.0000|0.00|0.00|0.00|0|0||
02|3|00068|PRATO P. MICRO ONDAS 28 CM||85169000|0|0|5906|UN|362.0000|2.2300|807.26||UN|362.0000|2.2300|0.00|0.00|0.00|||||||||||41|1|||||||||||||0|||0|53|807.26|0.0000|0.0000|0.00|0.00|0.00|0.00|0.00|0.00|07|807.26|0.00|0.00|0.0000|0.0000|0.00|0.00|0.0000|0.0000|0.00|07|807.2600|0.00|0.00|0.0000|0.0000|0.0000|0.00|0.00|0.0000|0.0000|0.00|0.00|0.00|0|0||
02|4|00139|PRATOS P.MICRO ONDAS 30,5 CM||85169000|0|0|5906|UN|50.0000|2.7500|137.50||UN|50.0000|2.7500|0.00|0.00|0.00|||||||||||41|1|||||||||||||0|||0|53|137.50|0.0000|0.0000|0.00|0.00|0.00|0.00|0.00|0.00|07|137.50|0.00|0.00|0.0000|0.0000|0.00|0.00|0.0000|0.0000|0.00|07|137.5000|0.00|0.00|0.0000|0.0000|0.0000|0.00|0.00|0.0000|0.0000|0.00|0.00|0.00|0|0||
02|5|00137|PRATO PARA MICRO ONDAS 31.5 CM||85169000|0|0|5906|UN|70.0000|2.9800|208.60||UN|70.0000|2.9800|0.00|0.00|0.00|||||||||||41|1|||||||||||||0|||0|53|208.60|0.0000|0.0000|0.00|0.00|0.00|0.00|0.00|0.00|07|208.60|0.00|0.00|0.0000|0.0000|0.00|0.00|0.0000|0.0000|0.00|07|208.6000|0.00|0.00|0.0000|0.0000|0.0000|0.00|0.00|0.0000|0.0000|0.00|0.00|0.00|0|0||
02|6|00138|PRATO PARA MICRO ONDAS 32.5CM||85169000|0|0|5906|UN|322.0000|3.1800|1023.96||UN|322.0000|3.1800|0.00|0.00|0.00|||||||||||41|1|||||||||||||0|||0|53|1023.96|0.0000|0.0000|0.00|0.00|0.00|0.00|0.00|0.00|07|1023.96|0.00|0.00|0.0000|0.0000|0.00|0.00|0.0000|0.0000|0.00|07|1023.9600|0.00|0.00|0.0000|0.0000|0.0000|0.00|0.00|0.0000|0.0000|0.00|0.00|0.00|0|0||
02|7|E0007|TAMPA DO CAMBIO||84519090|0|0|5906|UN|50.0000|0.2700|13.50||UN|50.0000|0.2700|0.00|0.00|0.00|||||||||||41|1|||||||||||||0|||0|53|13.50|0.0000|0.0000|0.00|0.00|0.00|0.00|0.00|0.00|07|13.50|0.00|0.00|0.0000|0.0000|0.00|0.00|0.0000|0.0000|0.00|07|13.5000|0.00|0.00|0.0000|0.0000|0.0000|0.00|0.00|0.0000|0.0000|0.00|0.00|0.00|0|0||
02|8|E0008|EIXO DE ENTRADA LM 06||84669490|0|0|5906|UN|4.0000|0.0300|0.12||UN|4.0000|0.0300|0.00|0.00|0.00|||||||||||41|0|||||||||||||0|||0|53|0.12|0.0000|0.0000|0.00|0.00|0.00|0.00|0.00|0.00|07|0.12|0.00|0.00|0.0000|0.0000|0.00|0.00|0.0000|0.0000|0.00|07|0.1200|0.00|0.00|0.0000|0.0000|0.0000|0.00|0.00|0.0000|0.0000|0.00|0.00|0.00|0|0||
02|9|00137|PRATO PARA MICRO ONDAS 31.8 CM||85169000|0|0|5906|UN|342.0000|7.0000|2394.00||UN|342.0000|7.0000|0.00|0.00|0.00|||||||||||41|1|||||||||||||0|||0|53|2394.00|0.0000|0.0000|0.00|0.00|0.00|0.00|0.00|0.00|07|2394.00|0.00|0.00|0.0000|0.0000|0.00|0.00|0.0000|0.0000|0.00|07|2394.0000|0.00|0.00|0.0000|0.0000|0.0000|0.00|0.00|0.0000|0.0000|0.00|0.00|0.00|0|0||
03|0.00|0.00|0.00|0.00|7481.30|0.00|0.00|0.00|0.00|0.00|0.00|0.00|0.00|7481.30|0.00|0.00|0.00|0.00|0.00|0.00|0.00|0.00|0.00|0.00|0.00|0.00||||||0||||||||0.00|0.00|0.00|0.00|0|0||||||||||||||1|7481.30|0.00|7481.30|
04||
99||||||||||