01|35|5.101 - VENDA DENT ESTADO|1|0|000042|2010-07-05||1|3550308|56991334000129|1|01438784000369||LEROY MERLIN S/A|contabilidaderbeirao@leroymerlin.com.br|AV: PRES.CASTELO BRANCO, 3000|3000||CENTRO|3543402|RIBEIRAO PRETO|SP|14096560|1058|BRASIL|3374-8870|582470279110|||||||||||||||||||
02|1|1303|TUBO EXTEN. FACIL FIX 1,40X2,10 M|789674131303-4|83024900|||5101|PC|25.0000|24.3300|608.25||PC|25.0000|24.3300|0.00|0.00|0.00|||||||0|0||0.00|00|0|3|0.00|608.25|18.00|109.49|0|0.00|0.00|0.00|0.00|0.00|0.00|0.00|||0|50|608.25|||10.00|60.83|0.00|0.00|0.00|0.00|01|608.25|0.65|3.95|0.0000|0.0000|608.25|0.00|0.0000|0.0000|0.00|01|608.25|3.00|18.25|0.00|0.0000|0.00|||||||||||
02|2|1404|TUBO EM "L" 1,00X1,00 M|789674131404-8|83024900|||5101|PC|20.0000|15.1900|303.80||PC|20.0000|15.1900|0.00|0.00|0.00|||||||0|0||0.00|00|0|3|0.00|303.80|18.00|54.69|0|0.00|0.00|0.00|0.00|0.00|0.00|0.00|||0|50|303.80|||10.00|30.38|0.00|0.00|0.00|0.00|01|303.80|0.65|1.97|0.0000|0.0000|303.80|0.00|0.0000|0.0000|0.00|01|303.80|3.00|9.11|0.00|0.0000|0.00|||||||||||
02|3|7009|VARAL BRISA DE CHAO EM ACO|789674137009-9|73239900|||5101|PC|12.0000|28.4300|341.16||PC|12.0000|28.4300|0.00|0.00|0.00|||||||0|0||0.00|00|0|3|0.00|341.16|18.00|61.41|0|0.00|0.00|0.00|0.00|0.00|0.00|0.00|||0|50|341.16|||10.00|34.12|0.00|0.00|0.00|0.00|01|341.16|0.65|2.22|0.0000|0.0000|341.16|0.00|0.0000|0.0000|0.00|01|341.16|3.00|10.23|0.00|0.0000|0.00|||||||||||
02|4|7076|VARAL DE CHAO EM ACO|789674137076-1|73239900|||5101|PC|6.0000|56.3000|337.80||PC|6.0000|56.3000|0.00|0.00|0.00|||||||0|0||0.00|00|0|3|0.00|337.80|18.00|60.80|0|0.00|0.00|0.00|0.00|0.00|0.00|0.00|||0|50|337.80|||10.00|33.78|0.00|0.00|0.00|0.00|01|337.80|0.65|2.20|0.0000|0.0000|337.80|0.00|0.0000|0.0000|0.00|01|337.80|3.00|10.13|0.00|0.0000|0.00|||||||||||
02|5|7091|VARAL DE TETO EM ACO 0,90X0,56 M|789674137091-4|73239900|||5101|PC|20.0000|19.0400|380.80||PC|20.0000|19.0400|0.00|0.00|0.00|||||||0|0||0.00|00|0|3|0.00|380.80|18.00|68.54|0|0.00|0.00|0.00|0.00|0.00|0.00|0.00|||0|50|380.80|||10.00|38.08|0.00|0.00|0.00|0.00|01|380.80|0.65|2.48|0.0000|0.0000|380.80|0.00|0.0000|0.0000|0.00|01|380.80|3.00|11.42|0.00|0.0000|0.00|||||||||||
02|6|7092|VARAL DE TETO EM ACO 1,20X0,56 M|789674137092-1|73239900|||5101|PC|40.0000|20.5300|821.20||PC|40.0000|20.5300|0.00|0.00|0.00|||||||0|0||0.00|00|0|3|0.00|821.20|18.00|147.82|0|0.00|0.00|0.00|0.00|0.00|0.00|0.00|||0|50|821.20|||10.00|82.12|0.00|0.00|0.00|0.00|01|821.20|0.65|5.34|0.0000|0.0000|821.20|0.00|0.0000|0.0000|0.00|01|821.20|3.00|24.64|0.00|0.0000|0.00|||||||||||
02|7|7093|VARAL DE TETO EM ACO 1,40X0,56 M|789674137093-8|73239900|||5101|PC|20.0000|24.6900|493.80||PC|20.0000|24.6900|0.00|0.00|0.00|||||||0|0||0.00|00|0|3|0.00|493.80|18.00|88.88|0|0.00|0.00|0.00|0.00|0.00|0.00|0.00|||0|50|493.80|||10.00|49.38|0.00|0.00|0.00|0.00|01|493.80|0.65|3.21|0.0000|0.0000|493.80|0.00|0.0000|0.0000|0.00|01|493.80|3.00|14.81|0.00|0.0000|0.00|||||||||||
02|8|7203|VARAL PAREDE ARRAIAL DO CABO 0,77|789674137203-1|76151900|||5401|PC|5.0000|43.6900|218.45||PC|5.0000|43.6900|0.00|0.00|0.00|||||||0|0||0.00|10|0|3|0.00|218.45|18.00|39.32|4|0.00|0.00|58.00|68.34|0.00|0.00|0.00|||0|50|218.45|||10.00|21.85|0.00|0.00|0.00|0.00|01|218.45|0.65|1.42|0.0000|0.0000|218.45|0.00|0.0000|0.0000|0.00|01|218.45|3.00|6.55|0.00|0.0000|0.00|||||||||||
02|9|7205|VARAL AREDE ARRAIAL DO CABO 0,77M|789674137205-5|76151900|||5401|PC|5.0000|44.9600|224.80||PC|5.0000|44.9600|0.00|0.00|0.00|||||||0|0||0.00|10|0|3|0.00|224.80|18.00|40.46|4|0.00|0.00|58.00|70.33|0.00|0.00|0.00|||0|50|224.80|||10.00|22.48|0.00|0.00|0.00|0.00|01|224.80|0.65|1.46|0.0000|0.0000|224.80|0.00|0.0000|0.0000|0.00|01|224.80|3.00|6.74|0.00|0.0000|0.00|||||||||||
02|10|7206|VARAL PAREDE ARRAIAL DO CABO 1,0M|789674137206-2|76151900|||5401|PC|10.0000|50.5900|505.90||PC|10.0000|50.5900|0.00|0.00|0.00|||||||0|0||0.00|10|0|3|0.00|505.90|18.00|91.06|4|0.00|0.00|58.00|158.27|0.00|0.00|0.00|||0|50|505.90|||10.00|50.59|0.00|0.00|0.00|0.00|01|505.90|0.65|3.29|0.0000|0.0000|505.90|0.00|0.0000|0.0000|0.00|01|505.90|3.00|15.18|0.00|0.0000|0.00|||||||||||
02|11|7280|VARAL DE ACO REVESTIDO PVC 10 MTS|789674137280-2|73239900|||5102|PC|40.0000|5.8500|234.00||PC|40.0000|5.8500|0.00|0.00|0.00|||||||0|0||0.00|00|0|3|0.00|234.00|18.00|42.12|0|0.00|0.00|0.00|0.00|0.00|0.00|0.00|||0|52||||||0.00|0.00|0.00|0.00|01|234.00|0.65|1.52|0.0000|0.0000|234.00|0.00|0.0000|0.0000|0.00|01|234.00|3.00|7.02|0.00|0.0000|0.00|||||||||||
02|12|7289|VARAL PAREDE POLIMAX COM 5 CORDAS|789674137289-5|73239900|||5101|PC|6.0000|26.1400|156.84||PC|6.0000|26.1400|0.00|0.00|0.00|||||||0|0||0.00|00|0|3|0.00|156.84|18.00|28.23|0|0.00|0.00|0.00|0.00|0.00|0.00|0.00|||0|50|156.84|||10.00|15.68|0.00|0.00|0.00|0.00|01|156.84|0.65|1.02|0.0000|0.0000|156.84|0.00|0.0000|0.0000|0.00|01|156.84|3.00|4.71|0.00|0.0000|0.00|||||||||||
03|4626.80|832.82|1649.63|126.10|4626.80|0.00|0.00|0.00|0.00|439.29|0.00|0.00|0.00|5192.19|0.00|0.00|0.00|0.00|0.00|0.00|0.00|0.00|0.00|0.00|0.00|0.00||||233544||0||||||||0.00|0.00|0.00|0.00|5101||||||||21|Volumes com Ferragens|LEROY RIBP|001/021 a 021/021|211|195||000042|5192.19|0.00|5192.19|000042/1|2010-11-10|5192.19|
04|MERCADORIA COM REDESPACHO PELO OPERADOR LOGISTICO: ID DO BRASIL LOGISTICA LTDA CNPJ: 04416849/0004-44 E  E.I. 165697-0 NO ENDERECO: AV: 31 MARCO,2350 ESQ. COM AV: TABOAO VIL. FLORIDA - SAO BERNARDO - CEP: 09660 000 - SP
99|||||||