01|35|5.101 - VENDA DENT ESTADO|1|0|000061|2010-07-07||1|3550308|56991334000129|1|01438784001330||LEROY MERLIN S/A|contabilidademorumbi@leroymerlin.com.br|AV:MAGALHAES CASTRO,S/N KM12|S/N KM12||MORUMBI|3550308|SAO PAULO|SP|05502000|1058|BRASIL|37595800|116613718111|||||||||||||||||||
02|1|1332|TUBO EXTEN.PRONTO FIX 0,90 A 1,03 M|789674131332-4|83024900|||5101|PC|25.0000|8.5700|214.25||PC|25.0000|8.5700|0.00|0.00|0.00|||||||0|0||0.00|00|0|3|0.00|214.25|18.00|38.57|0|0.00|0.00|0.00|0.00|0.00|0.00|0.00|||0|50|214.25|||10.00|21.43|0.00|0.00|0.00|0.00|01|214.25|0.65|1.39|0.0000|0.0000|214.25|0.00|0.0000|0.0000|0.00|01|214.25|3.00|6.43|0.00|0.0000|0.00|||||||||||
02|2|6123|VARAL INDIVIDUAL ALUMNNI 1,50M|789674136123-3|76151900|||5101|PC|6.0000|92.5900|555.54||PC|6.0000|92.5900|0.00|0.00|0.00|||||||0|0||0.00|00|0|3|0.00|555.54|18.00|100.00|0|0.00|0.00|0.00|0.00|0.00|0.00|0.00|||0|50|555.54|||10.00|55.55|0.00|0.00|0.00|0.00|01|555.54|0.65|3.61|0.0000|0.0000|555.54|0.00|0.0000|0.0000|0.00|01|555.54|3.00|16.67|0.00|0.0000|0.00|||||||||||
02|3|6553|VARAL SANFONATTO TUBULAR DE 1,2M|789674136553-8|73239900|||5101|PC|5.0000|55.3900|276.95||PC|5.0000|55.3900|0.00|0.00|0.00|||||||0|0||0.00|00|0|3|0.00|276.95|18.00|49.85|0|0.00|0.00|0.00|0.00|0.00|0.00|0.00|||0|50|276.95|||10.00|27.70|0.00|0.00|0.00|0.00|01|276.95|0.65|1.80|0.0000|0.0000|276.95|0.00|0.0000|0.0000|0.00|01|276.95|3.00|8.31|0.00|0.0000|0.00|||||||||||
02|4|7001|VARAL PORTATIL DE CHAO EM ACO|789674137001-3|73239900|||5101|PC|10.0000|40.3000|403.00||PC|10.0000|40.3000|0.00|0.00|0.00|||||||0|0||0.00|00|0|3|0.00|403.00|18.00|72.54|0|0.00|0.00|0.00|0.00|0.00|0.00|0.00|||0|50|403.00|||10.00|40.30|0.00|0.00|0.00|0.00|01|403.00|0.65|2.62|0.0000|0.0000|403.00|0.00|0.0000|0.0000|0.00|01|403.00|3.00|12.09|0.00|0.0000|0.00|||||||||||
02|5|7005|VARAL MASTER INNOVAR INDIV. 1,00 M|789674137005-1|73239900|||5101|PC|6.0000|71.4800|428.88||PC|6.0000|71.4800|0.00|0.00|0.00|||||||0|0||0.00|00|0|3|0.00|428.88|18.00|77.20|0|0.00|0.00|0.00|0.00|0.00|0.00|0.00|||0|50|428.88|||10.00|42.89|0.00|0.00|0.00|0.00|01|428.88|0.65|2.79|0.0000|0.0000|428.88|0.00|0.0000|0.0000|0.00|01|428.88|3.00|12.87|0.00|0.0000|0.00|||||||||||
02|6|7007|VARAL DE PISO ILHA BELA|789674137007-5|73239900|||5101|PC|5.0000|67.5400|337.70||PC|5.0000|67.5400|0.00|0.00|0.00|||||||0|0||0.00|00|0|3|0.00|337.70|18.00|60.79|0|0.00|0.00|0.00|0.00|0.00|0.00|0.00|||0|50|337.70|||10.00|33.77|0.00|0.00|0.00|0.00|01|337.70|0.65|2.20|0.0000|0.0000|337.70|0.00|0.0000|0.0000|0.00|01|337.70|3.00|10.13|0.00|0.0000|0.00|||||||||||
02|7|7076|VARAL DE CHAO EM ACO|789674137076-1|73239900|||5101|PC|12.0000|56.3000|675.60||PC|12.0000|56.3000|0.00|0.00|0.00|||||||0|0||0.00|00|0|3|0.00|675.60|18.00|121.61|0|0.00|0.00|0.00|0.00|0.00|0.00|0.00|||0|50|675.60|||10.00|67.56|0.00|0.00|0.00|0.00|01|675.60|0.65|4.39|0.0000|0.0000|675.60|0.00|0.0000|0.0000|0.00|01|675.60|3.00|20.27|0.00|0.0000|0.00|||||||||||
02|8|7084|VARAL DE TETO ITACARE 1,20 M|789674137084-6|76151900|||5101|PC|10.0000|54.1000|541.00||PC|10.0000|54.1000|0.00|0.00|0.00|||||||0|0||0.00|00|0|3|0.00|541.00|18.00|97.38|0|0.00|0.00|0.00|0.00|0.00|0.00|0.00|||0|50|541.00|||10.00|54.10|0.00|0.00|0.00|0.00|01|541.00|0.65|3.52|0.0000|0.0000|541.00|0.00|0.0000|0.0000|0.00|01|541.00|3.00|16.23|0.00|0.0000|0.00|||||||||||
02|9|7093|VARAL DE TETO EM ACO 1,40X0,56 M|789674137093-8|73239900|||5101|PC|10.0000|24.6900|246.90||PC|10.0000|24.6900|0.00|0.00|0.00|||||||0|0||0.00|00|0|3|0.00|246.90|18.00|44.44|0|0.00|0.00|0.00|0.00|0.00|0.00|0.00|||0|50|246.90|||10.00|24.69|0.00|0.00|0.00|0.00|01|246.90|0.65|1.60|0.0000|0.0000|246.90|0.00|0.0000|0.0000|0.00|01|246.90|3.00|7.41|0.00|0.0000|0.00|||||||||||
02|10|7113|VARAL DE PISO ITAUANAS|789674137113-3|76151900|||5101|PC|20.0000|87.6500|1753.00||PC|20.0000|87.6500|0.00|0.00|0.00|||||||0|0||0.00|00|0|3|0.00|1753.00|18.00|315.54|0|0.00|0.00|0.00|0.00|0.00|0.00|0.00|||0|50|1753.00|||10.00|175.30|0.00|0.00|0.00|0.00|01|1753.00|0.65|11.39|0.0000|0.0000|1753.00|0.00|0.0000|0.0000|0.00|01|1753.00|3.00|52.59|0.00|0.0000|0.00|||||||||||
02|11|7115|VARAL DE PISO ITAUANAS|789674137115-7|76151900|||5101|PC|10.0000|90.3300|903.30||PC|10.0000|90.3300|0.00|0.00|0.00|||||||0|0||0.00|00|0|3|0.00|903.30|18.00|162.59|0|0.00|0.00|0.00|0.00|0.00|0.00|0.00|||0|50|903.30|||10.00|90.33|0.00|0.00|0.00|0.00|01|903.30|0.65|5.87|0.0000|0.0000|903.30|0.00|0.0000|0.0000|0.00|01|903.30|3.00|27.10|0.00|0.0000|0.00|||||||||||
02|12|7205|VARAL AREDE ARRAIAL DO CABO 0,77M|789674137205-5|76151900|||5101|PC|5.0000|44.9600|224.80||PC|5.0000|44.9600|0.00|0.00|0.00|||||||0|0||0.00|00|0|3|0.00|224.80|18.00|40.46|0|0.00|0.00|0.00|0.00|0.00|0.00|0.00|||0|50|224.80|||10.00|22.48|0.00|0.00|0.00|0.00|01|224.80|0.65|1.46|0.0000|0.0000|224.80|0.00|0.0000|0.0000|0.00|01|224.80|3.00|6.74|0.00|0.0000|0.00|||||||||||
02|13|7263|VARAL STENDMAX 3 MODULOS REGUL.4,8M|789674137263-5|39249000|||5101|PC|18.0000|39.6300|713.34||PC|18.0000|39.6300|0.00|0.00|0.00|||||||0|0||0.00|00|0|3|0.00|713.34|18.00|128.40|0|0.00|0.00|0.00|0.00|0.00|0.00|0.00|||0|50|713.34|||10.00|71.33|0.00|0.00|0.00|0.00|01|713.34|0.65|4.64|0.0000|0.0000|713.34|0.00|0.0000|0.0000|0.00|01|713.34|3.00|21.40|0.00|0.0000|0.00|||||||||||
02|14|7267|VARAL STENDMAX 3 MODULOS REGUL.6,0M|789674137267-3|39249000|||5101|PC|18.0000|43.6000|784.80||PC|18.0000|43.6000|0.00|0.00|0.00|||||||0|0||0.00|00|0|3|0.00|784.80|18.00|141.26|0|0.00|0.00|0.00|0.00|0.00|0.00|0.00|||0|50|784.80|||10.00|78.48|0.00|0.00|0.00|0.00|01|784.80|0.65|5.10|0.0000|0.0000|784.80|0.00|0.0000|0.0000|0.00|01|784.80|3.00|23.54|0.00|0.0000|0.00|||||||||||
03|8059.06|1450.63|0.00|0.00|8059.06|0.00|0.00|0.00|0.00|805.91|0.00|0.00|0.00|8864.97|0.00|0.00|0.00|0.00|0.00|0.00|0.00|0.00|0.00|0.00|0.00|0.00||||239876|2030697|0||||||||0.00|0.00|0.00|0.00|5101||||||||20|Volumes com Ferragens|LEROY MORU|001/020 a 020/020|219|170||000061|8864.97|0.00|8864.97|000061/1|2010-11-10|8864.97|
04|MERCADORIA COM REDESPACHO PELO OPERADOR LOGISTICO: ID DO BRASIL LOGISTICA LTDA CNPJ: 04416849/0004-44 E  E.I. 165697-0 NO ENDERECO: AV: 31 MARCO,2350 ESQ. COM AV: TABOAO VIL. FLORIDA - SAO BERNARDO - CEP: 09660 000 - SP
99|||||||