01|35|5.101 - VENDA DENT ESTADO|1|0|000077|2010-07-07||1|3550308|56991334000129|1|59597047000127||J CASALE LTDA|JOTACASALE@HOTMAIL.COM|RUA EPISCOPAL 952/|962||CENTRO|3548906|SAO CARLOS|SP|13560570|1058|BRASIL|71-32-17|637002146119|||||||||||||||||||
02|1|1301/6|TUBO EXTEN.FACIL FIX 0,60X0,90 M|789674131301-0|83024900|||5101|PC|6.0000|5.2200|31.32||PC|6.0000|5.2200|0.00|0.00|0.00|||||||0|0||0.00|00|0|3|0.00|31.32|18.00|5.64|0|0.00|0.00|0.00|0.00|0.00|0.00|0.00|||0|50|31.32|||10.00|3.13|0.00|0.00|0.00|0.00|01|31.32|0.65|0.20|0.0000|0.0000|31.32|0.00|0.0000|0.0000|0.00|01|31.32|3.00|0.94|0.00|0.0000|0.00|||||||||||
02|2|1302/6|TUBO EXTEN.FACIL FIX 0,90X1,40 M|789674131302-7|83024900|||5101|PC|6.0000|7.1200|42.72||PC|6.0000|7.1200|0.00|0.00|0.00|||||||0|0||0.00|00|0|3|0.00|42.72|18.00|7.69|0|0.00|0.00|0.00|0.00|0.00|0.00|0.00|||0|50|42.72|||10.00|4.27|0.00|0.00|0.00|0.00|01|42.72|0.65|0.28|0.0000|0.0000|42.72|0.00|0.0000|0.0000|0.00|01|42.72|3.00|1.28|0.00|0.0000|0.00|||||||||||
02|3|1331/6|TUBO EXTEN.PRONTO FIX 0,75 A 0,88 M|789674131331-7|83024900|||5101|PC|6.0000|3.7800|22.68||PC|6.0000|3.7800|0.00|0.00|0.00|||||||0|0||0.00|00|0|3|0.00|22.68|18.00|4.08|0|0.00|0.00|0.00|0.00|0.00|0.00|0.00|||0|50|22.68|||10.00|2.27|0.00|0.00|0.00|0.00|01|22.68|0.65|0.15|0.0000|0.0000|22.68|0.00|0.0000|0.0000|0.00|01|22.68|3.00|0.68|0.00|0.0000|0.00|||||||||||
02|4|1332/6|TUBO EXTEN.PRONTO FIX 0,90 A 1,03 M|789674131332-4|83024900|||5101|PC|6.0000|4.1300|24.78||PC|6.0000|4.1300|0.00|0.00|0.00|||||||0|0||0.00|00|0|3|0.00|24.78|18.00|4.46|0|0.00|0.00|0.00|0.00|0.00|0.00|0.00|||0|50|24.78|||10.00|2.48|0.00|0.00|0.00|0.00|01|24.78|0.65|0.16|0.0000|0.0000|24.78|0.00|0.0000|0.0000|0.00|01|24.78|3.00|0.74|0.00|0.0000|0.00|||||||||||
02|5|1334/6|TUBO EXTEN.PRONTO FIX 1,20 A 1,33 M|789674131334-8|83024900|||5101|PC|6.0000|4.5400|27.24||PC|6.0000|4.5400|0.00|0.00|0.00|||||||0|0||0.00|00|0|3|0.00|27.24|18.00|4.90|0|0.00|0.00|0.00|0.00|0.00|0.00|0.00|||0|50|27.24|||10.00|2.72|0.00|0.00|0.00|0.00|01|27.24|0.65|0.18|0.0000|0.0000|27.24|0.00|0.0000|0.0000|0.00|01|27.24|3.00|0.82|0.00|0.0000|0.00|||||||||||
02|6|1335/6|TUBO EXTEN.PRONTO FIX 1,35 A 1,48 M|789674131335-5|83024900|||5101|PC|6.0000|4.8700|29.22||PC|6.0000|4.8700|0.00|0.00|0.00|||||||0|0||0.00|00|0|3|0.00|29.22|18.00|5.26|0|0.00|0.00|0.00|0.00|0.00|0.00|0.00|||0|50|29.22|||10.00|2.92|0.00|0.00|0.00|0.00|01|29.22|0.65|0.19|0.0000|0.0000|29.22|0.00|0.0000|0.0000|0.00|01|29.22|3.00|0.88|0.00|0.0000|0.00|||||||||||
02|7|1339/6|TUBO EXTEN.PRONTO FIX 1,95 A 2,08 M|789674131339-3|83024900|||5101|PC|6.0000|6.5300|39.18||PC|6.0000|6.5300|0.00|0.00|0.00|||||||0|0||0.00|00|0|3|0.00|39.18|18.00|7.05|0|0.00|0.00|0.00|0.00|0.00|0.00|0.00|||0|50|39.18|||10.00|3.92|0.00|0.00|0.00|0.00|01|39.18|0.65|0.25|0.0000|0.0000|39.18|0.00|0.0000|0.0000|0.00|01|39.18|3.00|1.18|0.00|0.0000|0.00|||||||||||
02|8|1404|TUBO EM "L" 1,00X1,00 M|789674131404-8|83024900|||5101|PC|10.0000|6.6600|66.60||PC|10.0000|6.6600|0.00|0.00|0.00|||||||0|0||0.00|00|0|3|0.00|66.60|18.00|11.99|0|0.00|0.00|0.00|0.00|0.00|0.00|0.00|||0|50|66.60|||10.00|6.66|0.00|0.00|0.00|0.00|01|66.60|0.65|0.43|0.0000|0.0000|66.60|0.00|0.0000|0.0000|0.00|01|66.60|3.00|2.00|0.00|0.0000|0.00|||||||||||
02|9|6875|VARAL DE CHÃO BÚZIOS COM ASAS|789674136875-1|73239900|||5101|PC|5.0000|37.7500|188.75||PC|5.0000|37.7500|0.00|0.00|0.00|||||||0|0||0.00|00|0|3|0.00|188.75|18.00|33.98|0|0.00|0.00|0.00|0.00|0.00|0.00|0.00|||0|50|188.75|||10.00|18.88|0.00|0.00|0.00|0.00|01|188.75|0.65|1.23|0.0000|0.0000|188.75|0.00|0.0000|0.0000|0.00|01|188.75|3.00|5.66|0.00|0.0000|0.00|||||||||||
02|10|7000|VARAL SANFONADO EM ACO 0,77 m|789674137000-6|73239900|||5101|PC|5.0000|13.6800|68.40||PC|5.0000|13.6800|0.00|0.00|0.00|||||||0|0||0.00|00|0|3|0.00|68.40|18.00|12.31|0|0.00|0.00|0.00|0.00|0.00|0.00|0.00|||0|50|68.40|||10.00|6.84|0.00|0.00|0.00|0.00|01|68.40|0.65|0.44|0.0000|0.0000|68.40|0.00|0.0000|0.0000|0.00|01|68.40|3.00|2.05|0.00|0.0000|0.00|||||||||||
02|11|7001|VARAL PORTATIL DE CHAO EM ACO|789674137001-3|73239900|||5101|PC|10.0000|18.9300|189.30||PC|10.0000|18.9300|0.00|0.00|0.00|||||||0|0||0.00|00|0|3|0.00|189.30|18.00|34.07|0|0.00|0.00|0.00|0.00|0.00|0.00|0.00|||0|50|189.30|||10.00|18.93|0.00|0.00|0.00|0.00|01|189.30|0.65|1.23|0.0000|0.0000|189.30|0.00|0.0000|0.0000|0.00|01|189.30|3.00|5.68|0.00|0.0000|0.00|||||||||||
03|730.19|131.43|0.00|0.00|730.19|0.00|0.00|0.00|0.00|73.02|0.00|0.00|0.00|803.21|0.00|0.00|0.00|0.00|0.00|0.00|0.00|0.00|0.00|0.00|0.00|0.00||||239890||1|01225301000267||RODOANE TRANSPORTES LTDA|114907653110|R: DA BALSA,753|SAO PAULO|SP|0.00|0.00|0.00|0.00|5101|3550308|||||||11|Volumes com Ferragens|JCASALE|001/011 a 011/011|79|75||000077|803.21|0.00|803.21|000077/1|2010-07-21|803.21|
04|
99|||||||