01|35|5.101 - VENDA DENT ESTADO|1|0|000073|2010-07-07||1|3550308|56991334000129|1|08197731001071||HOME CENTER NORDESTE C.M.S/A|fiscal.nfe@tendtudo.com.br|ROD.MARG.WASHINGTON LUIZ,221|221||JD.SAO MARCOS|3549805|SAO JOSE DO RIO PRETO|SP|15081500|1058|BRASIL|21365000|647512430119|||||||||||||||||||
02|1|1302|TUBO EXTEN. FACIL FIX 0,90X1,40 M|789674131302-7|83024900|||5101|PC|25.0000|10.5200|263.00||PC|25.0000|10.5200|0.00|0.00|0.00|||||||0|0||0.00|00|0|3|0.00|263.00|18.00|47.35|0|0.00|0.00|0.00|0.00|0.00|0.00|0.00|||0|50|263.00|||10.00|26.30|0.00|0.00|0.00|0.00|01|263.00|0.65|1.71|0.0000|0.0000|263.00|0.00|0.0000|0.0000|0.00|01|263.00|3.00|7.89|0.00|0.0000|0.00|||||||||||
02|2|1427|CORTINA REFOR.P/BOX 1,35X1,80M-EST.|789674131427-7|39249000|||5102|PC|12.0000|10.4600|125.52||PC|12.0000|10.4600|0.00|0.00|0.00|||||||0|0||0.00|00|0|3|0.00|125.52|18.00|22.59|0|0.00|0.00|0.00|0.00|0.00|0.00|0.00|||0|52||||||0.00|0.00|0.00|0.00|01|125.52|0.65|0.82|0.0000|0.0000|125.52|0.00|0.0000|0.0000|0.00|01|125.52|3.00|3.77|0.00|0.0000|0.00|||||||||||
02|3|6012|CORDA MULTIUSO DE POLIPROPILENO 15m|789674136012-0|56074900|||5101|PC|20.0000|4.2900|85.80||PC|20.0000|4.2900|0.00|0.00|0.00|||||||0|0||0.00|00|0|3|0.00|85.80|18.00|15.44|0|0.00|0.00|0.00|0.00|0.00|0.00|0.00|||0|52||||||0.00|0.00|0.00|0.00|01|85.80|0.65|0.56|0.0000|0.0000|85.80|0.00|0.0000|0.0000|0.00|01|85.80|3.00|2.57|0.00|0.0000|0.00|||||||||||
02|4|6776|VARAL DE PAREDE OLINDA 1,2M|789674136776-1|73239900|||5101|PC|6.0000|28.6900|172.14||PC|6.0000|28.6900|0.00|0.00|0.00|||||||0|0||0.00|00|0|3|0.00|172.14|18.00|30.99|0|0.00|0.00|0.00|0.00|0.00|0.00|0.00|||0|50|172.14|||10.00|17.21|0.00|0.00|0.00|0.00|01|172.14|0.65|1.12|0.0000|0.0000|172.14|0.00|0.0000|0.0000|0.00|01|172.14|3.00|5.16|0.00|0.0000|0.00|||||||||||
02|5|6996|MINI VARAL FLY  C/ 12 PREGADORES|789674136996-3|39249000|||5102|PC|10.0000|6.3500|63.50||PC|10.0000|6.3500|0.00|0.00|0.00|||||||0|0||0.00|00|0|3|0.00|63.50|18.00|11.43|0|0.00|0.00|0.00|0.00|0.00|0.00|0.00|||0|52||||||0.00|0.00|0.00|0.00|01|63.50|0.65|0.41|0.0000|0.0000|63.50|0.00|0.0000|0.0000|0.00|01|63.50|3.00|1.91|0.00|0.0000|0.00|||||||||||
02|6|7004|VARAL DE CHAO RENOVAR C/ ASAS|789674137004-4|73239900|||5101|PC|10.0000|39.3800|393.80||PC|10.0000|39.3800|0.00|0.00|0.00|||||||0|0||0.00|00|0|3|0.00|393.80|18.00|70.88|0|0.00|0.00|0.00|0.00|0.00|0.00|0.00|||0|50|393.80|||10.00|39.38|0.00|0.00|0.00|0.00|01|393.80|0.65|2.56|0.0000|0.0000|393.80|0.00|0.0000|0.0000|0.00|01|393.80|3.00|11.81|0.00|0.0000|0.00|||||||||||
02|7|7267|VARAL STENDMAX 3 MODULOS REGUL.6,0M|789674137267-3|39249000|||5101|PC|12.0000|32.0800|384.96||PC|12.0000|32.0800|0.00|0.00|0.00|||||||0|0||0.00|00|0|3|0.00|384.96|18.00|69.29|0|0.00|0.00|0.00|0.00|0.00|0.00|0.00|||0|50|384.96|||10.00|38.50|0.00|0.00|0.00|0.00|01|384.96|0.65|2.50|0.0000|0.0000|384.96|0.00|0.0000|0.0000|0.00|01|384.96|3.00|11.55|0.00|0.0000|0.00|||||||||||
02|8|7280|VARAL DE ACO REVESTIDO PVC 10 MTS|789674137280-2|73239900|||5102|PC|20.0000|2.5800|51.60||PC|20.0000|2.5800|0.00|0.00|0.00|||||||0|0||0.00|00|0|3|0.00|51.60|18.00|9.29|0|0.00|0.00|0.00|0.00|0.00|0.00|0.00|||0|52||||||0.00|0.00|0.00|0.00|01|51.60|0.65|0.34|0.0000|0.0000|51.60|0.00|0.0000|0.0000|0.00|01|51.60|3.00|1.55|0.00|0.0000|0.00|||||||||||
02|9|7892|VARAL DE PAREDE TRANCOSO 1,20 M|789674137892-7|73239900|||5101|PC|4.0000|43.7000|174.80||PC|4.0000|43.7000|0.00|0.00|0.00|||||||0|0||0.00|00|0|3|0.00|174.80|18.00|31.46|0|0.00|0.00|0.00|0.00|0.00|0.00|0.00|||0|50|174.80|||10.00|17.48|0.00|0.00|0.00|0.00|01|174.80|0.65|1.14|0.0000|0.0000|174.80|0.00|0.0000|0.0000|0.00|01|174.80|3.00|5.24|0.00|0.0000|0.00|||||||||||
03|1715.12|308.72|0.00|0.00|1715.12|0.00|0.00|0.00|0.00|138.87|0.00|0.00|0.00|1853.99|0.00|0.00|0.00|0.00|0.00|0.00|0.00|0.00|0.00|0.00|0.00|0.00||||239746|493186|0||||||||0.00|0.00|0.00|0.00|5101||||||||12|Volumes com Ferragens|TENDTUDO|001/012 a 012/012|77|70||000073|1853.99|0.00|1853.99|000073/1|2010-09-25|1853.99|
04|
99|||||||