01|35|5.101 - VENDA DENT ESTADO|1|0|000082|2010-07-07||1|3550308|56991334000129|1|51738391000187||PAULISTA FER.PEC.AUT.LTDA|PAULISTA_ITA@UOL.COM.BR|R:ANTONIO OLIVIO ARAUJO|89||CENTRO|3522109|ITANHAEM|SP|11740000|1058|BRASIL|3422-57-62|46369013196110|||||||||||||||||||
02|1|0133|PENDURE BICICLETA P/ TETO E PAREDE|789674130133-8|73239900|||5101|PC|20.0000|4.6500|93.00||PC|20.0000|4.6500|0.00|0.00|0.00|||||||0|0||0.00|00|0|3|0.00|93.00|18.00|16.74|0|0.00|0.00|0.00|0.00|0.00|0.00|0.00|||0|50|93.00|||10.00|9.30|0.00|0.00|0.00|0.00|01|93.00|0.65|0.60|0.0000|0.0000|93.00|0.00|0.0000|0.0000|0.00|01|93.00|3.00|2.79|0.00|0.0000|0.00|||||||||||
02|2|0134|PENDURE TUDO PAREDE|789674130134-5|73239900|||5101|PC|20.0000|4.1100|82.20||PC|20.0000|4.1100|0.00|0.00|0.00|||||||0|0||0.00|00|0|3|0.00|82.20|18.00|14.80|0|0.00|0.00|0.00|0.00|0.00|0.00|0.00|||0|50|82.20|||10.00|8.22|0.00|0.00|0.00|0.00|01|82.20|0.65|0.53|0.0000|0.0000|82.20|0.00|0.0000|0.0000|0.00|01|82.20|3.00|2.47|0.00|0.0000|0.00|||||||||||
02|3|0142|PENDURE TUDO DUPLO MANG.P/PAREDE|789674130142-0|73239900|||5101|PC|20.0000|5.3100|106.20||PC|20.0000|5.3100|0.00|0.00|0.00|||||||0|0||0.00|00|0|3|0.00|106.20|18.00|19.12|0|0.00|0.00|0.00|0.00|0.00|0.00|0.00|||0|50|106.20|||10.00|10.62|0.00|0.00|0.00|0.00|01|106.20|0.65|0.69|0.0000|0.0000|106.20|0.00|0.0000|0.0000|0.00|01|106.20|3.00|3.19|0.00|0.0000|0.00|||||||||||
02|4|4175|PRONTO FIX DE ALUMINIO 1,35 A 1,50|789674134175-4|76151900|||5401|PC|10.0000|8.8900|88.90||PC|10.0000|8.8900|0.00|0.00|0.00|||||||0|0||0.00|10|0|3|0.00|88.90|18.00|16.00|4|0.00|0.00|58.00|27.81|0.00|0.00|0.00|||0|50|88.90|||10.00|8.89|0.00|0.00|0.00|0.00|01|88.90|0.65|0.58|0.0000|0.0000|88.90|0.00|0.0000|0.0000|0.00|01|88.90|3.00|2.67|0.00|0.0000|0.00|||||||||||
02|5|4176|PRONTO FIX DE ALUMINIO 1,50 A 1,65|789674134176-1|76151900|||5401|PC|10.0000|9.9700|99.70||PC|10.0000|9.9700|0.00|0.00|0.00|||||||0|0||0.00|10|0|3|0.00|99.70|18.00|17.95|4|0.00|0.00|58.00|31.19|0.00|0.00|0.00|||0|50|99.70|||10.00|9.97|0.00|0.00|0.00|0.00|01|99.70|0.65|0.65|0.0000|0.0000|99.70|0.00|0.0000|0.0000|0.00|01|99.70|3.00|2.99|0.00|0.0000|0.00|||||||||||
02|6|4177|PRONTO FIX DE ALUMINIO 1,65 A 1,80|789674134177-8|76151900|||5401|PC|10.0000|10.5900|105.90||PC|10.0000|10.5900|0.00|0.00|0.00|||||||0|0||0.00|10|0|3|0.00|105.90|18.00|19.06|4|0.00|0.00|58.00|33.13|0.00|0.00|0.00|||0|50|105.90|||10.00|10.59|0.00|0.00|0.00|0.00|01|105.90|0.65|0.69|0.0000|0.0000|105.90|0.00|0.0000|0.0000|0.00|01|105.90|3.00|3.18|0.00|0.0000|0.00|||||||||||
02|7|4178|PRONTO FIX DE ALUMINIO 1,80 A 1,95|789674134178-5|76151900|||5401|PC|10.0000|11.0900|110.90||PC|10.0000|11.0900|0.00|0.00|0.00|||||||0|0||0.00|10|0|3|0.00|110.90|18.00|19.96|4|0.00|0.00|58.00|34.69|0.00|0.00|0.00|||0|50|110.90|||10.00|11.09|0.00|0.00|0.00|0.00|01|110.90|0.65|0.72|0.0000|0.0000|110.90|0.00|0.0000|0.0000|0.00|01|110.90|3.00|3.33|0.00|0.0000|0.00|||||||||||
02|8|4179|PRONTO FIX DE ALUMINIO 1,95 A 2,10|789674134179-2|76151900|||5401|PC|10.0000|11.8100|118.10||PC|10.0000|11.8100|0.00|0.00|0.00|||||||0|0||0.00|10|0|3|0.00|118.10|18.00|21.26|4|0.00|0.00|58.00|36.95|0.00|0.00|0.00|||0|50|118.10|||10.00|11.81|0.00|0.00|0.00|0.00|01|118.10|0.65|0.77|0.0000|0.0000|118.10|0.00|0.0000|0.0000|0.00|01|118.10|3.00|3.54|0.00|0.0000|0.00|||||||||||
02|9|7208|VARAL SANFONADO ALUMINIO 0.77M|789674137208-6|76151900|||5401|PC|5.0000|21.1600|105.80||PC|5.0000|21.1600|0.00|0.00|0.00|||||||0|0||0.00|10|0|3|0.00|105.80|18.00|19.04|4|0.00|0.00|58.00|33.10|0.00|0.00|0.00|||0|50|105.80|||10.00|10.58|0.00|0.00|0.00|0.00|01|105.80|0.65|0.69|0.0000|0.0000|105.80|0.00|0.0000|0.0000|0.00|01|105.80|3.00|3.17|0.00|0.0000|0.00|||||||||||
02|10|7209|VARAL SANFONADO ALUMINIO 1.00M|789674137209-3|76151900|||5401|PC|5.0000|23.1400|115.70||PC|5.0000|23.1400|0.00|0.00|0.00|||||||0|0||0.00|10|0|3|0.00|115.70|18.00|20.82|4|0.00|0.00|58.00|36.20|0.00|0.00|0.00|||0|50|115.70|||10.00|11.57|0.00|0.00|0.00|0.00|01|115.70|0.65|0.75|0.0000|0.0000|115.70|0.00|0.0000|0.0000|0.00|01|115.70|3.00|3.47|0.00|0.0000|0.00|||||||||||
03|1026.40|184.75|1294.81|98.97|1026.40|0.00|0.00|0.00|0.00|102.64|0.00|0.00|0.00|1228.01|0.00|0.00|0.00|0.00|0.00|0.00|0.00|0.00|0.00|0.00|0.00|0.00||||239885||1|59929356000157||G R DO BRASIL TRANSP. INTERN.L|isento|R: DOMICIANO LEITE RIBEIRO,139|SAO PAULO|SP|0.00|0.00|0.00|0.00|5101|3550308|||||||10|Volumes com Ferragens|PAULISTA|001/010 a 010/010|9|8||000082|1228.01|0.00|1228.01|000082/1|2010-08-04|552.01|000082/2|2010-08-18|338.00|000082/3|2010-09-01|338.00|
04|
99|||||||