01|35|5.101 - VENDA DENT ESTADO|1|0|000067|2010-07-07||1|3550308|56991334000129|1|01438784000954||LEROY MERLIN S/A|contabilidadetiete@leroymerlin.com.br|AV.PRES. CASTELO BRANCO, 6061|6061||LAPA|3550308|SAO PAULO|SP|05034000|1058|BRASIL|3612-6250|116214362114|||||||||||||||||||
02|1|1332|TUBO EXTEN.PRONTO FIX 0,90 A 1,03 M|789674131332-4|83024900|||5101|PC|25.0000|8.5700|214.25||PC|25.0000|8.5700|0.00|0.00|0.00|||||||0|0||0.00|00|0|3|0.00|214.25|18.00|38.57|0|0.00|0.00|0.00|0.00|0.00|0.00|0.00|||0|50|214.25|||10.00|21.43|0.00|0.00|0.00|0.00|01|214.25|0.65|1.39|0.0000|0.0000|214.25|0.00|0.0000|0.0000|0.00|01|214.25|3.00|6.43|0.00|0.0000|0.00|||||||||||
02|2|1334|TUBO EXTEN.PRONTO FIX 1,20 A 1,33 M|789674131334-8|83024900|||5101|PC|25.0000|9.5900|239.75||PC|25.0000|9.5900|0.00|0.00|0.00|||||||0|0||0.00|00|0|3|0.00|239.75|18.00|43.14|0|0.00|0.00|0.00|0.00|0.00|0.00|0.00|||0|50|239.75|||10.00|23.98|0.00|0.00|0.00|0.00|01|239.75|0.65|1.56|0.0000|0.0000|239.75|0.00|0.0000|0.0000|0.00|01|239.75|3.00|7.19|0.00|0.0000|0.00|||||||||||
02|3|6114|PRENDEDOR FUNNY C/ 6 PEÇAS|789674136114-1|39249000|||5102|CT|40.0000|3.3900|135.60||PC|40.0000|3.3900|0.00|0.00|0.00|||||||0|0||0.00|00|0|3|0.00|135.60|18.00|24.41|0|0.00|0.00|0.00|0.00|0.00|0.00|0.00|||0|52||||||0.00|0.00|0.00|0.00|01|135.60|0.65|0.88|0.0000|0.0000|135.60|0.00|0.0000|0.0000|0.00|01|135.60|3.00|4.07|0.00|0.0000|0.00|||||||||||
02|4|6992|VARAL PORTATIL BALCONY|789674136992-5|73239900|||5101|PC|10.0000|15.0600|150.60||PC|10.0000|15.0600|0.00|0.00|0.00|||||||0|0||0.00|00|0|3|0.00|150.60|18.00|27.11|0|0.00|0.00|0.00|0.00|0.00|0.00|0.00|||0|50|150.60|||10.00|15.06|0.00|0.00|0.00|0.00|01|150.60|0.65|0.98|0.0000|0.0000|150.60|0.00|0.0000|0.0000|0.00|01|150.60|3.00|4.52|0.00|0.0000|0.00|||||||||||
02|5|6996|MINI VARAL FLY  C/ 12 PREGADORES|789674136996-3|39249000|||5102|PC|10.0000|7.3900|73.90||PC|10.0000|7.3900|0.00|0.00|0.00|||||||0|0||0.00|00|0|3|0.00|73.90|18.00|13.30|0|0.00|0.00|0.00|0.00|0.00|0.00|0.00|||0|52||||||0.00|0.00|0.00|0.00|01|73.90|0.65|0.48|0.0000|0.0000|73.90|0.00|0.0000|0.0000|0.00|01|73.90|3.00|2.22|0.00|0.0000|0.00|||||||||||
02|6|6999|VARAL SANFONADO EM ACO 1,00 M|789674136999-4|73239900|||5101|PC|5.0000|22.1100|110.55||PC|5.0000|22.1100|0.00|0.00|0.00|||||||0|0||0.00|00|0|3|0.00|110.55|18.00|19.90|0|0.00|0.00|0.00|0.00|0.00|0.00|0.00|||0|50|110.55|||10.00|11.06|0.00|0.00|0.00|0.00|01|110.55|0.65|0.72|0.0000|0.0000|110.55|0.00|0.0000|0.0000|0.00|01|110.55|3.00|3.32|0.00|0.0000|0.00|||||||||||
02|7|7004|VARAL DE CHAO RENOVAR C/ ASAS|789674137004-4|73239900|||5101|PC|15.0000|39.0400|585.60||PC|15.0000|39.0400|0.00|0.00|0.00|||||||0|0||0.00|00|0|3|0.00|585.60|18.00|105.41|0|0.00|0.00|0.00|0.00|0.00|0.00|0.00|||0|50|585.60|||10.00|58.56|0.00|0.00|0.00|0.00|01|585.60|0.65|3.81|0.0000|0.0000|585.60|0.00|0.0000|0.0000|0.00|01|585.60|3.00|17.57|0.00|0.0000|0.00|||||||||||
02|8|7272|VARAL AUTOMATICO C/ 5 CORDAS|789674137272-7|39249000|||5102|PC|6.0000|17.5900|105.54||PC|6.0000|17.5900|0.00|0.00|0.00|||||||0|0||0.00|00|1|3|0.00|105.54|18.00|19.00|0|0.00|0.00|0.00|0.00|0.00|0.00|0.00|||0|50|105.54|||10.00|10.55|0.00|0.00|0.00|0.00|01|105.54|0.65|0.69|0.0000|0.0000|105.54|0.00|0.0000|0.0000|0.00|01|105.54|3.00|3.17|0.00|0.0000|0.00|||||||||||
03|1615.79|290.84|0.00|0.00|1615.79|0.00|0.00|0.00|0.00|140.64|0.00|0.00|0.00|1756.43|0.00|0.00|0.00|0.00|0.00|0.00|0.00|0.00|0.00|0.00|0.00|0.00||||239869|2030432|0||||||||0.00|0.00|0.00|0.00|5101||||||||11|Volumes com Ferragens|LEROYTIETE|001/011 a 011/011|94|87||000067|1756.43|0.00|1756.43|000067/1|2010-11-10|1756.43|
04|MERCADORIA COM REDESPACHO PELO OPERADOR LOGISTICO: ID DO BRASIL LOGISTICA LTDA CNPJ: 04416849/0004-44 E  E.I. 165697-0 NO ENDERECO: AV: 31 MARCO,2350 ESQ. COM AV: TABOAO VIL. FLORIDA - SAO BERNARDO - CEP: 09660 000 - SP
99|||||||