01|35|6.101 - VENDAS FORA ESTADO|1|0|000066|2010-07-07||1|3550308|56991334000129|1|01438784002060||LEROY MERLIN S/A|contabilidadepoanorte@leroymerlin.com.br|AV. SERTORIO,6767|6767||SARANDI|4314902|PORTO ALEGRE|RS|91110580|1058|BRASIL|7811-6488|0963234269|||||||||||||||||||
02|1|1333|TUBO EXTEN. PRONTO FIX 1,05 A 1,18M|789674131333-1|83024900|||6401|PC|25.0000|8.4600|211.50||PC|25.0000|8.4600|0.00|0.00|0.00|||||||0|0||0.00|10|0|3|0.00|211.50|12.00|25.38|4|0.00|0.00|43.34|56.69|0.00|0.00|0.00|||0|50|211.50|||10.00|21.15|0.00|0.00|0.00|0.00|01|211.50|0.65|1.37|0.0000|0.0000|211.50|0.00|0.0000|0.0000|0.00|01|211.50|3.00|6.35|0.00|0.0000|0.00|||||||||||
02|2|6114|PRENDEDOR FUNNY C/ 6 PEÇAS|789674136114-1|39249000|||6102|CT|40.0000|3.1600|126.40||PC|40.0000|3.1600|0.00|0.00|0.00|||||||0|0||0.00|00|0|3|0.00|126.40|12.00|15.17|0|0.00|0.00|0.00|0.00|0.00|0.00|0.00|||0|52||||||0.00|0.00|0.00|0.00|01|126.40|0.65|0.82|0.0000|0.0000|126.40|0.00|0.0000|0.0000|0.00|01|126.40|3.00|3.79|0.00|0.0000|0.00|||||||||||
02|3|6552|VARAL SANFONATTO TUBULAR DE 1,0M|789674136552-1|73239900|||6401|PC|10.0000|47.0400|470.40||PC|10.0000|47.0400|0.00|0.00|0.00|||||||0|0||0.00|10|0|3|0.00|470.40|12.00|56.45|4|0.00|0.00|80.24|158.55|0.00|0.00|0.00|||0|50|470.40|||10.00|47.04|0.00|0.00|0.00|0.00|01|470.40|0.65|3.06|0.0000|0.0000|470.40|0.00|0.0000|0.0000|0.00|01|470.40|3.00|14.11|0.00|0.0000|0.00|||||||||||
02|4|6992|VARAL PORTATIL BALCONY|789674136992-5|73239900|||6401|PC|10.0000|14.0400|140.40||PC|10.0000|14.0400|0.00|0.00|0.00|||||||0|0||0.00|10|0|3|0.00|140.40|12.00|16.85|4|0.00|0.00|80.24|47.32|0.00|0.00|0.00|||0|50|140.40|||10.00|14.04|0.00|0.00|0.00|0.00|01|140.40|0.65|0.91|0.0000|0.0000|140.40|0.00|0.0000|0.0000|0.00|01|140.40|3.00|4.21|0.00|0.0000|0.00|||||||||||
02|5|7004|VARAL DE CHAO RENOVAR C/ ASAS|789674137004-4|73239900|||6401|PC|20.0000|36.3800|727.60||PC|20.0000|36.3800|0.00|0.00|0.00|||||||0|0||0.00|10|0|3|0.00|727.60|12.00|87.31|4|0.00|0.00|80.24|245.24|0.00|0.00|0.00|||0|50|727.60|||10.00|72.76|0.00|0.00|0.00|0.00|01|727.60|0.65|4.73|0.0000|0.0000|727.60|0.00|0.0000|0.0000|0.00|01|727.60|3.00|21.83|0.00|0.0000|0.00|||||||||||
02|6|7080|VARAL DE TETO ITACARE 0,90 M|789674137080-8|76151900|||6401|PC|10.0000|41.0700|410.70||PC|10.0000|41.0700|0.00|0.00|0.00|||||||0|0||0.00|10|0|3|0.00|410.70|12.00|49.28|4|0.00|0.00|67.52|128.66|0.00|0.00|0.00|||0|50|410.70|||10.00|41.07|0.00|0.00|0.00|0.00|01|410.70|0.65|2.67|0.0000|0.0000|410.70|0.00|0.0000|0.0000|0.00|01|410.70|3.00|12.32|0.00|0.0000|0.00|||||||||||
02|7|7259|VARAL TOALHEIRO 56 CM|789674137259-8|73239900|||6401|PC|10.0000|17.5700|175.70||PC|10.0000|17.5700|0.00|0.00|0.00|||||||0|0||0.00|10|0|3|0.00|175.70|12.00|21.08|4|0.00|0.00|80.24|59.22|0.00|0.00|0.00|||0|50|175.70|||10.00|17.57|0.00|0.00|0.00|0.00|01|175.70|0.65|1.14|0.0000|0.0000|175.70|0.00|0.0000|0.0000|0.00|01|175.70|3.00|5.27|0.00|0.0000|0.00|||||||||||
03|2262.70|271.52|4092.20|439.33|2262.70|0.00|0.00|0.00|0.00|213.63|0.00|0.00|0.00|2915.66|0.00|0.00|0.00|0.00|0.00|0.00|0.00|0.00|0.00|0.00|0.00|0.00||||239875|2030655|0||||||||0.00|0.00|0.00|0.00|6101||||||||12|Volumes com Ferragens|LEROY POA|001/012 a 012/012|131|118||000066|2915.66|0.00|2915.66|000066/1|2010-11-10|2915.66|
04|MERCADORIA COM REDESPACHO PELO OPERADOR LOGISTICO: ID DO BRASIL LOGISTICA LTDA CNPJ: 04416849/0004-44 E  E.I. 165697-0 NO ENDERECO: AV: 31 MARCO,2350 ESQ. COM AV: TABOAO VIL. FLORIDA - SAO BERNARDO - CEP: 09660 000 - SP
99|||||||