01|35|6.101 - VENDAS FORA ESTADO|1|0|000065|2010-07-07||1|3550308|56991334000129|1|01438784001250||LEROY MERLIN S/A|contabilidaderiobarra@leroymerlin.com.br|AV: AIRTON SENNA,2000|2000||BARRA DA TIJUCA|3304557|RIO DE JANEIRO|RJ|22775003|1058|BRASIL|3106-0392|77453466|||||||||||||||||||
02|1|1303|TUBO EXTEN. FACIL FIX 1,40X2,10 M|789674131303-4|83024900|||6101|PC|25.0000|22.6700|566.75||PC|25.0000|22.6700|0.00|0.00|0.00|||||||0|0||0.00|00|0|3|0.00|566.75|12.00|68.01|0|0.00|0.00|0.00|0.00|0.00|0.00|0.00|||0|50|566.75|||10.00|56.68|0.00|0.00|0.00|0.00|01|566.75|0.65|3.68|0.0000|0.0000|566.75|0.00|0.0000|0.0000|0.00|01|566.75|3.00|17.00|0.00|0.0000|0.00|||||||||||
02|2|1334|TUBO EXTEN.PRONTO FIX 1,20 A 1,33 M|789674131334-8|83024900|||6101|PC|25.0000|8.9400|223.50||PC|25.0000|8.9400|0.00|0.00|0.00|||||||0|0||0.00|00|0|3|0.00|223.50|12.00|26.83|0|0.00|0.00|0.00|0.00|0.00|0.00|0.00|||0|50|223.50|||10.00|22.35|0.00|0.00|0.00|0.00|01|223.50|0.65|1.45|0.0000|0.0000|223.50|0.00|0.0000|0.0000|0.00|01|223.50|3.00|6.71|0.00|0.0000|0.00|||||||||||
02|3|6992|VARAL PORTATIL BALCONY|789674136992-5|73239900|||6101|PC|10.0000|14.0400|140.40||PC|10.0000|14.0400|0.00|0.00|0.00|||||||0|0||0.00|00|0|3|0.00|140.40|12.00|16.85|0|0.00|0.00|0.00|0.00|0.00|0.00|0.00|||0|50|140.40|||10.00|14.04|0.00|0.00|0.00|0.00|01|140.40|0.65|0.91|0.0000|0.0000|140.40|0.00|0.0000|0.0000|0.00|01|140.40|3.00|4.21|0.00|0.0000|0.00|||||||||||
02|4|7002|VARAL CHAO EM ACO BUTTERFLY|789674137002-0|73239900|||6101|PC|10.0000|55.0400|550.40||PC|10.0000|55.0400|0.00|0.00|0.00|||||||0|0||0.00|00|0|3|0.00|550.40|12.00|66.05|0|0.00|0.00|0.00|0.00|0.00|0.00|0.00|||0|50|550.40|||10.00|55.04|0.00|0.00|0.00|0.00|01|550.40|0.65|3.58|0.0000|0.0000|550.40|0.00|0.0000|0.0000|0.00|01|550.40|3.00|16.51|0.00|0.0000|0.00|||||||||||
02|5|7004|VARAL DE CHAO RENOVAR C/ ASAS|789674137004-4|73239900|||6101|PC|15.0000|36.3800|545.70||PC|15.0000|36.3800|0.00|0.00|0.00|||||||0|0||0.00|00|0|3|0.00|545.70|12.00|65.48|0|0.00|0.00|0.00|0.00|0.00|0.00|0.00|||0|50|545.70|||10.00|54.57|0.00|0.00|0.00|0.00|01|545.70|0.65|3.55|0.0000|0.0000|545.70|0.00|0.0000|0.0000|0.00|01|545.70|3.00|16.37|0.00|0.0000|0.00|||||||||||
02|6|7009|VARAL BRISA DE CHAO EM ACO|789674137009-9|73239900|||6101|PC|6.0000|26.4900|158.94||PC|6.0000|26.4900|0.00|0.00|0.00|||||||0|0||0.00|00|0|3|0.00|158.94|12.00|19.07|0|0.00|0.00|0.00|0.00|0.00|0.00|0.00|||0|50|158.94|||10.00|15.89|0.00|0.00|0.00|0.00|01|158.94|0.65|1.03|0.0000|0.0000|158.94|0.00|0.0000|0.0000|0.00|01|158.94|3.00|4.77|0.00|0.0000|0.00|||||||||||
02|7|7076|VARAL DE CHAO EM ACO|789674137076-1|73239900|||6101|PC|6.0000|52.4600|314.76||PC|6.0000|52.4600|0.00|0.00|0.00|||||||0|0||0.00|00|0|3|0.00|314.76|12.00|37.77|0|0.00|0.00|0.00|0.00|0.00|0.00|0.00|||0|50|314.76|||10.00|31.48|0.00|0.00|0.00|0.00|01|314.76|0.65|2.05|0.0000|0.0000|314.76|0.00|0.0000|0.0000|0.00|01|314.76|3.00|9.44|0.00|0.0000|0.00|||||||||||
02|8|7081|VARAL DE TETO ITACARE 1,20 M|789674137081-5|76151900|||6101|PC|10.0000|48.9500|489.50||PC|10.0000|48.9500|0.00|0.00|0.00|||||||0|0||0.00|00|0|3|0.00|489.50|12.00|58.74|0|0.00|0.00|0.00|0.00|0.00|0.00|0.00|||0|50|489.50|||10.00|48.95|0.00|0.00|0.00|0.00|01|489.50|0.65|3.18|0.0000|0.0000|489.50|0.00|0.0000|0.0000|0.00|01|489.50|3.00|14.69|0.00|0.0000|0.00|||||||||||
02|9|7116|VARAL DE PISO UBATUBA|789674137116-4|76151900|||6101|PC|5.0000|128.0400|640.20||PC|5.0000|128.0400|0.00|0.00|0.00|||||||0|0||0.00|00|0|3|0.00|640.20|12.00|76.82|0|0.00|0.00|0.00|0.00|0.00|0.00|0.00|||0|50|640.20|||10.00|64.02|0.00|0.00|0.00|0.00|01|640.20|0.65|4.16|0.0000|0.0000|640.20|0.00|0.0000|0.0000|0.00|01|640.20|3.00|19.21|0.00|0.0000|0.00|||||||||||
02|10|7205|VARAL AREDE ARRAIAL DO CABO 0,77M|789674137205-5|76151900|||6101|PC|5.0000|41.9000|209.50||PC|5.0000|41.9000|0.00|0.00|0.00|||||||0|0||0.00|00|0|3|0.00|209.50|12.00|25.14|0|0.00|0.00|0.00|0.00|0.00|0.00|0.00|||0|50|209.50|||10.00|20.95|0.00|0.00|0.00|0.00|01|209.50|0.65|1.36|0.0000|0.0000|209.50|0.00|0.0000|0.0000|0.00|01|209.50|3.00|6.29|0.00|0.0000|0.00|||||||||||
03|3839.65|460.76|0.00|0.00|3839.65|0.00|0.00|0.00|0.00|383.97|0.00|0.00|0.00|4223.62|0.00|0.00|0.00|0.00|0.00|0.00|0.00|0.00|0.00|0.00|0.00|0.00||||239886|2030588|0||||||||0.00|0.00|0.00|0.00|6101||||||||13|Volumes com Ferragens|LEROY BARR|001/013 a 013/013|192|177||000065|4223.62|0.00|4223.62|000065/1|2010-11-10|4223.62|
04|MERCADORIA COM REDESPACHO PELO OPERADOR LOGISTICO: ID DO BRASIL LOGISTICA LTDA CNPJ: 04416849/0004-44 E  E.I. 165697-0 NO ENDERECO: AV: 31 MARCO,2350 ESQ. COM AV: TABOAO VIL. FLORIDA - SAO BERNARDO - CEP: 09660 000 - SP
99|||||||