01|35|6.101 - VENDAS FORA ESTADO|1|0|000062|2010-07-07||1|3550308|56991334000129|1|01438784002140||LEROY MERLIN S/A|contabilidadebhsul@leroymerlin.com.br|ROD. BR 356 , KM 6,5|6,5||BELVEDERE|3106200|BELO HORIZONTE|MG|30390003|1058|BRASIL|800001200|1860558000110|||||||||||||||||||
02|1|6012|CORDA MULTIUSO DE POLIPROPILENO 15m|789674136012-0|56074900|||6101|PC|20.0000|6.9300|138.60||PC|20.0000|6.9300|0.00|0.00|0.00|||||||0|0||0.00|00|0|3|0.00|138.60|12.00|16.63|0|0.00|0.00|0.00|0.00|0.00|0.00|0.00|||0|52||||||0.00|0.00|0.00|0.00|01|138.60|0.65|0.90|0.0000|0.0000|138.60|0.00|0.0000|0.0000|0.00|01|138.60|3.00|4.16|0.00|0.0000|0.00|||||||||||
02|2|6112|PREGADORES DE ROUPAS PLASTICO-12PCS|789674136112-7|39249000|||6102|CT|40.0000|2.1700|86.80||PC|40.0000|2.1700|0.00|0.00|0.00|||||||0|0||0.00|00|0|3|0.00|86.80|12.00|10.42|0|0.00|0.00|0.00|0.00|0.00|0.00|0.00|||0|52||||||0.00|0.00|0.00|0.00|01|86.80|0.65|0.56|0.0000|0.0000|86.80|0.00|0.0000|0.0000|0.00|01|86.80|3.00|2.60|0.00|0.0000|0.00|||||||||||
02|3|6999|VARAL SANFONADO EM ACO 1,00 M|789674136999-4|73239900|||6401|PC|5.0000|19.2000|96.00||PC|5.0000|19.2000|0.00|0.00|0.00|||||||0|0||0.00|10|0|3|0.00|96.00|12.00|11.52|4|0.00|0.00|82.43|34.68|0.00|0.00|0.00|||0|50|96.00|||10.00|9.60|0.00|0.00|0.00|0.00|01|96.00|0.65|0.62|0.0000|0.0000|96.00|0.00|0.0000|0.0000|0.00|01|96.00|3.00|2.88|0.00|0.0000|0.00|||||||||||
02|4|7004|VARAL DE CHAO RENOVAR C/ ASAS|789674137004-4|73239900|||6401|PC|10.0000|33.9000|339.00||PC|10.0000|33.9000|0.00|0.00|0.00|||||||0|0||0.00|10|0|3|0.00|339.00|12.00|40.68|4|0.00|0.00|82.43|122.45|0.00|0.00|0.00|||0|50|339.00|||10.00|33.90|0.00|0.00|0.00|0.00|01|339.00|0.65|2.20|0.0000|0.0000|339.00|0.00|0.0000|0.0000|0.00|01|339.00|3.00|10.17|0.00|0.0000|0.00|||||||||||
02|5|7072|VARAL TETO  CAMBURI 1,28 M|789674137072-3|73239900|||6401|PC|10.0000|31.3900|313.90||PC|10.0000|31.3900|0.00|0.00|0.00|||||||0|0||0.00|10|0|3|0.00|313.90|12.00|37.67|4|0.00|0.00|82.43|113.38|0.00|0.00|0.00|||0|50|313.90|||10.00|31.39|0.00|0.00|0.00|0.00|01|313.90|0.65|2.04|0.0000|0.0000|313.90|0.00|0.0000|0.0000|0.00|01|313.90|3.00|9.42|0.00|0.0000|0.00|||||||||||
02|6|7117|VARAL DE PISO JUQUEI|789674137117-1|73239900|||6401|PC|3.0000|90.2200|270.66||PC|3.0000|90.2200|0.00|0.00|0.00|||||||0|0||0.00|10|0|3|0.00|270.66|12.00|32.47|4|0.00|0.00|82.43|97.77|0.00|0.00|0.00|||0|50|270.66|||10.00|27.07|0.00|0.00|0.00|0.00|01|270.66|0.65|1.76|0.0000|0.0000|270.66|0.00|0.0000|0.0000|0.00|01|270.66|3.00|8.12|0.00|0.0000|0.00|||||||||||
02|7|7267|VARAL STENDMAX 3 MODULOS REGUL.6,0M|789674137267-3|39249000|||6101|PC|6.0000|37.8600|227.16||PC|6.0000|37.8600|0.00|0.00|0.00|||||||0|0||0.00|00|0|3|0.00|227.16|12.00|27.26|0|0.00|0.00|0.00|0.00|0.00|0.00|0.00|||0|50|227.16|||10.00|22.72|0.00|0.00|0.00|0.00|01|227.16|0.65|1.48|0.0000|0.0000|227.16|0.00|0.0000|0.0000|0.00|01|227.16|3.00|6.81|0.00|0.0000|0.00|||||||||||
03|1472.12|176.65|2045.99|245.93|1472.12|0.00|0.00|0.00|0.00|124.68|0.00|0.00|0.00|1842.73|0.00|0.00|0.00|0.00|0.00|0.00|0.00|0.00|0.00|0.00|0.00|0.00||||239876|2030697|0||||||||0.00|0.00|0.00|0.00|6101||||||||9|Volumes com Ferragens|LEROY BH|001/009 a 009/009|56|51||000062|1842.73|0.00|1842.73|000062/1|2010-11-10|1842.73|
04|MERCADORIA COM REDESPACHO PELO OPERADOR LOGISTICO: ID DO BRASIL LOGISTICA LTDA CNPJ: 04416849/0004-44 E  E.I. 165697-0 NO ENDERECO: AV: 31 MARCO,2350 ESQ. COM AV: TABOAO VIL. FLORIDA - SAO BERNARDO - CEP: 09660 000 - SP
99|||||||