01|35|5.101 - VENDA DENT ESTADO|1|0|000070|2010-07-07||1|3550308|56991334000129|1|01438784000440||LEROY MERLIN S/A|contabilidadecampinas@leroymerlin.com.br|TREVO ROD D PEDRO I KM 129|129||CENTRO|3509502|CAMPINAS|SP|13091201|1058|BRASIL|3755-75-00|244646520117|||||||||||||||||||
02|1|1302|TUBO EXTEN. FACIL FIX 0,90X1,40 M|789674131302-7|83024900|||5101|PC|25.0000|17.1000|427.50||PC|25.0000|17.1000|0.00|0.00|0.00|||||||0|0||0.00|00|0|3|0.00|427.50|18.00|76.95|0|0.00|0.00|0.00|0.00|0.00|0.00|0.00|||0|50|427.50|||10.00|42.75|0.00|0.00|0.00|0.00|01|427.50|0.65|2.78|0.0000|0.0000|427.50|0.00|0.0000|0.0000|0.00|01|427.50|3.00|12.83|0.00|0.0000|0.00|||||||||||
02|2|1303|TUBO EXTEN. FACIL FIX 1,40X2,10 M|789674131303-4|83024900|||5101|PC|25.0000|24.3300|608.25||PC|25.0000|24.3300|0.00|0.00|0.00|||||||0|0||0.00|00|0|3|0.00|608.25|18.00|109.49|0|0.00|0.00|0.00|0.00|0.00|0.00|0.00|||0|50|608.25|||10.00|60.83|0.00|0.00|0.00|0.00|01|608.25|0.65|3.95|0.0000|0.0000|608.25|0.00|0.0000|0.0000|0.00|01|608.25|3.00|18.25|0.00|0.0000|0.00|||||||||||
02|3|1332|TUBO EXTEN.PRONTO FIX 0,90 A 1,03 M|789674131332-4|83024900|||5101|PC|25.0000|8.5700|214.25||PC|25.0000|8.5700|0.00|0.00|0.00|||||||0|0||0.00|00|0|3|0.00|214.25|18.00|38.57|0|0.00|0.00|0.00|0.00|0.00|0.00|0.00|||0|50|214.25|||10.00|21.43|0.00|0.00|0.00|0.00|01|214.25|0.65|1.39|0.0000|0.0000|214.25|0.00|0.0000|0.0000|0.00|01|214.25|3.00|6.43|0.00|0.0000|0.00|||||||||||
02|4|1333|TUBO EXTEN. PRONTO FIX 1,05 A 1,18M|789674131333-1|83024900|||5101|PC|25.0000|9.0700|226.75||PC|25.0000|9.0700|0.00|0.00|0.00|||||||0|0||0.00|00|0|3|0.00|226.75|18.00|40.82|0|0.00|0.00|0.00|0.00|0.00|0.00|0.00|||0|50|226.75|||10.00|22.68|0.00|0.00|0.00|0.00|01|226.75|0.65|1.47|0.0000|0.0000|226.75|0.00|0.0000|0.0000|0.00|01|226.75|3.00|6.80|0.00|0.0000|0.00|||||||||||
02|5|1334|TUBO EXTEN.PRONTO FIX 1,20 A 1,33 M|789674131334-8|83024900|||5101|PC|25.0000|9.5900|239.75||PC|25.0000|9.5900|0.00|0.00|0.00|||||||0|0||0.00|00|0|3|0.00|239.75|18.00|43.14|0|0.00|0.00|0.00|0.00|0.00|0.00|0.00|||0|50|239.75|||10.00|23.98|0.00|0.00|0.00|0.00|01|239.75|0.65|1.56|0.0000|0.0000|239.75|0.00|0.0000|0.0000|0.00|01|239.75|3.00|7.19|0.00|0.0000|0.00|||||||||||
02|6|7004|VARAL DE CHAO RENOVAR C/ ASAS|789674137004-4|73239900|||5101|PC|10.0000|39.0400|390.40||PC|10.0000|39.0400|0.00|0.00|0.00|||||||0|0||0.00|00|0|3|0.00|390.40|18.00|70.27|0|0.00|0.00|0.00|0.00|0.00|0.00|0.00|||0|50|390.40|||10.00|39.04|0.00|0.00|0.00|0.00|01|390.40|0.65|2.54|0.0000|0.0000|390.40|0.00|0.0000|0.0000|0.00|01|390.40|3.00|11.71|0.00|0.0000|0.00|||||||||||
02|7|7116|VARAL DE PISO UBATUBA|789674137116-4|76151900|||5401|PC|5.0000|137.4100|687.05||PC|5.0000|137.4100|0.00|0.00|0.00|||||||0|0||0.00|10|0|3|0.00|687.05|18.00|123.67|4|0.00|0.00|58.00|214.94|0.00|0.00|0.00|||0|50|687.05|||10.00|68.71|0.00|0.00|0.00|0.00|01|687.05|0.65|4.47|0.0000|0.0000|687.05|0.00|0.0000|0.0000|0.00|01|687.05|3.00|20.61|0.00|0.0000|0.00|||||||||||
03|2793.95|502.91|1194.10|91.27|2793.95|0.00|0.00|0.00|0.00|279.42|0.00|0.00|0.00|3164.64|0.00|0.00|0.00|0.00|0.00|0.00|0.00|0.00|0.00|0.00|0.00|0.00||||239866|2030210|0||||||||0.00|0.00|0.00|0.00|5101||||||||8|Volumes com Ferragens|LEROY CAMP|001/008 a 008/008|118|111||000070|3164.64|0.00|3164.64|000070/1|2010-11-10|3164.64|
04|MERCADORIA COM REDESPACHO PELO OPERADOR LOGISTICO: ID DO BRASIL LOGISTICA LTDA CNPJ: 04416849/0004-44 E  E.I. 165697-0 NO ENDERECO: AV: 31 MARCO,2350 ESQ. COM AV: TABOAO VIL. FLORIDA - SAO BERNARDO - CEP: 09660 000 - SP
99|||||||