01|35|5.101 - VENDA DENT ESTADO|1|0|000026|2010-07-05||1|3550308|56991334000129|1|05900674000166||EURO COM. DE FERRAGENS E UTIL.LTDA|JULIANA@EURO.COM.BR|R: PAES LEME,|86||PINHEIROS|3550308|SAO PAULO|SP|05424010|1058|BRASIL|3815-5500|116689973110|||||||||||||||||||
02|1|0133|PENDURE BICICLETA P/ TETO E PAREDE|789674130133-8|73239900|||5101|PC|20.0000|4.8200|96.40||PC|20.0000|4.8200|0.00|0.00|0.00|||||||0|0||0.00|00|0|3|0.00|96.40|18.00|17.35|0|0.00|0.00|0.00|0.00|0.00|0.00|0.00|||0|50|96.40|||10.00|9.64|0.00|0.00|0.00|0.00|01|96.40|0.65|0.63|0.0000|0.0000|96.40|0.00|0.0000|0.0000|0.00|01|96.40|3.00|2.89|0.00|0.0000|0.00|||||||||||
02|2|1423|CORTINA PVC P/BOX LISA 1.40X2.00M T|789674131420-1|39249000|||5102|PC|12.0000|13.3100|159.72||PC|12.0000|13.3100|0.00|0.00|0.00|||||||0|0||0.00|00|0|3|0.00|159.72|18.00|28.75|0|0.00|0.00|0.00|0.00|0.00|0.00|0.00|||0|52||||||0.00|0.00|0.00|0.00|01|159.72|0.65|1.04|0.0000|0.0000|159.72|0.00|0.0000|0.0000|0.00|01|159.72|3.00|4.79|0.00|0.0000|0.00|||||||||||
02|3|7006|VARAL MASTER INNOVAR INDIV. 1,20 M|789674137006-8|73239900|||5101|PC|6.0000|53.7100|322.26||PC|6.0000|53.7100|0.00|0.00|0.00|||||||0|0||0.00|00|0|3|0.00|322.26|18.00|58.01|0|0.00|0.00|0.00|0.00|0.00|0.00|0.00|||0|50|322.26|||10.00|32.23|0.00|0.00|0.00|0.00|01|322.26|0.65|2.09|0.0000|0.0000|322.26|0.00|0.0000|0.0000|0.00|01|322.26|3.00|9.67|0.00|0.0000|0.00|||||||||||
02|4|7017|ARGOLA DE NYLON P/ VARAL INNOVAR|789674137017-4|39249000|||5101|PC|20.0000|0.3600|7.20||PC|20.0000|0.3600|0.00|0.00|0.00|||||||0|0||0.00|00|0|3|0.00|7.20|18.00|1.30|0|0.00|0.00|0.00|0.00|0.00|0.00|0.00|||0|50|7.20|||10.00|0.72|0.00|0.00|0.00|0.00|01|7.20|0.65|0.05|0.0000|0.0000|7.20|0.00|0.0000|0.0000|0.00|01|7.20|3.00|0.22|0.00|0.0000|0.00|||||||||||
02|5|7265|VARAL STENDMAX 1 MODULO REGUL.6,0M|789674137265-9|39249000|||5101|PC|6.0000|13.0600|78.36||PC|6.0000|13.0600|0.00|0.00|0.00|||||||0|0||0.00|00|0|3|0.00|78.36|18.00|14.10|0|0.00|0.00|0.00|0.00|0.00|0.00|0.00|||0|50|78.36|||10.00|7.84|0.00|0.00|0.00|0.00|01|78.36|0.65|0.51|0.0000|0.0000|78.36|0.00|0.0000|0.0000|0.00|01|78.36|3.00|2.35|0.00|0.0000|0.00|||||||||||
02|6|7267|VARAL STENDMAX 3 MODULOS REGUL.6,0M|789674137267-3|39249000|||5101|PC|12.0000|31.7400|380.88||PC|12.0000|31.7400|0.00|0.00|0.00|||||||0|0||0.00|00|0|3|0.00|380.88|18.00|68.56|0|0.00|0.00|0.00|0.00|0.00|0.00|0.00|||0|50|380.88|||10.00|38.09|0.00|0.00|0.00|0.00|01|380.88|0.65|2.48|0.0000|0.0000|380.88|0.00|0.0000|0.0000|0.00|01|380.88|3.00|11.43|0.00|0.0000|0.00|||||||||||
02|7|7269|POWERMAX|789674137269-7|39249000|||5101|PC|6.0000|37.6200|225.72||PC|6.0000|37.6200|0.00|0.00|0.00|||||||0|0||0.00|00|0|3|0.00|225.72|18.00|40.63|0|0.00|0.00|0.00|0.00|0.00|0.00|0.00|||0|50|225.72|||10.00|22.57|0.00|0.00|0.00|0.00|01|225.72|0.65|1.47|0.0000|0.0000|225.72|0.00|0.0000|0.0000|0.00|01|225.72|3.00|6.77|0.00|0.0000|0.00|||||||||||
02|8|7272|VARAL AUTOMATICO C/ 5 CORDAS|789674137272-7|39249000|||5102|PC|12.0000|13.3000|159.60||PC|12.0000|13.3000|0.00|0.00|0.00|||||||0|0||0.00|00|1|3|0.00|159.60|18.00|28.73|0|0.00|0.00|0.00|0.00|0.00|0.00|0.00|||0|50|159.60|||10.00|15.96|0.00|0.00|0.00|0.00|01|159.60|0.65|1.04|0.0000|0.0000|159.60|0.00|0.0000|0.0000|0.00|01|159.60|3.00|4.79|0.00|0.0000|0.00|||||||||||
02|9|7892|VARAL DE PAREDE TRANCOSO 1,20 M|789674137892-7|73239900|||5101|PC|4.0000|40.3400|161.36||PC|4.0000|40.3400|0.00|0.00|0.00|||||||0|0||0.00|00|0|3|0.00|161.36|18.00|29.04|0|0.00|0.00|0.00|0.00|0.00|0.00|0.00|||0|50|161.36|||10.00|16.14|0.00|0.00|0.00|0.00|01|161.36|0.65|1.05|0.0000|0.0000|161.36|0.00|0.0000|0.0000|0.00|01|161.36|3.00|4.84|0.00|0.0000|0.00|||||||||||
03|1591.50|286.47|0.00|0.00|1591.50|0.00|0.00|0.00|0.00|143.19|0.00|0.00|0.00|1734.69|0.00|0.00|0.00|0.00|0.00|0.00|0.00|0.00|0.00|0.00|0.00|0.00||||233544||0|05813363000240||DLT LOG.E TRANSP.LTDA-ME|117030691112|R:12 DE SETEMBRO,893|SAO PAULO|SP|0.00|0.00|0.00|0.00|5101|3550308||||||||Volumes com Ferragens|EURO||44|41||000026|1734.69|0.00|1734.69|3000026/1|2010-09-03|1734.69|3000026/1|2010-09-03|1734.69|
04|
99|||||||