01|35|5.910 - BONIFICACAO|1|0|000049|2010-07-05||1|3550308|56991334000129|1|02299215000180||HM HM SUPERMERCADOS|conferenciaafonso@emporiumsaopaulo.com.br|RUA AFONSO BRAS, 431|431||NOVA CONCEIÇÃO|3550308|SAO PAULO|SP|04511011|1058|BRASIL||115309810115|||||||||||||||||||
02|1|3208|SUPORTE PARA VASSOURAS|789674133208-0|73239900|||5910|PC|24.0000|6.6100|158.64||PC|24.0000|6.6100|0.00|0.00|0.00|||||||0|0||0.00|00|0|3|0.00|158.64|18.00|28.56|0|0.00|0.00|0.00|0.00|0.00|0.00|0.00|||0|52||||||0.00|0.00|0.00|0.00|01|158.64|0.65|1.03|0.0000|0.0000|158.64|0.00|0.0000|0.0000|0.00|01|158.64|3.00|4.76|0.00|0.0000|0.00|||||||||||
02|2|3210|CAPA PROTETORA EDREDOM|789674133210-3|63079090|||5910|PC|12.0000|6.7100|80.52||PC|12.0000|6.7100|0.00|0.00|0.00|||||||0|0||0.00|00|0|3|0.00|80.52|18.00|14.49|0|0.00|0.00|0.00|0.00|0.00|0.00|0.00|||0|52||||||0.00|0.00|0.00|0.00|01|80.52|0.65|0.52|0.0000|0.0000|80.52|0.00|0.0000|0.0000|0.00|01|80.52|3.00|2.42|0.00|0.0000|0.00|||||||||||
02|3|3211|CAPA PROTETORA OBJETOS|789674133211-0|63079090|||5910|PC|12.0000|5.7000|68.40||PC|12.0000|5.7000|0.00|0.00|0.00|||||||0|0||0.00|00|0|3|0.00|68.40|18.00|12.31|0|0.00|0.00|0.00|0.00|0.00|0.00|0.00|||0|52||||||0.00|0.00|0.00|0.00|01|68.40|0.65|0.44|0.0000|0.0000|68.40|0.00|0.0000|0.0000|0.00|01|68.40|3.00|2.05|0.00|0.0000|0.00|||||||||||
02|4|3213|CAPA PROTETORA ROUPA P/ CABIDE|789674133213-4|39249000|||5910|PC|12.0000|7.6200|91.44||PC|12.0000|7.6200|0.00|0.00|0.00|||||||0|0||0.00|00|0|3|0.00|91.44|18.00|16.46|0|0.00|0.00|0.00|0.00|0.00|0.00|0.00|||0|52||||||0.00|0.00|0.00|0.00|01|91.44|0.65|0.59|0.0000|0.0000|91.44|0.00|0.0000|0.0000|0.00|01|91.44|3.00|2.74|0.00|0.0000|0.00|||||||||||
02|5|6119|PRENDEDOR INNOVAR C/ 06 PCS|789674136119-6|39249000|||5910|CT|20.0000|3.0700|61.40||PC|20.0000|3.0700|0.00|0.00|0.00|||||||0|0||0.00|00|0|3|0.00|61.40|18.00|11.05|0|0.00|0.00|0.00|0.00|0.00|0.00|0.00|||0|52||||||0.00|0.00|0.00|0.00|01|61.40|0.65|0.40|0.0000|0.0000|61.40|0.00|0.0000|0.0000|0.00|01|61.40|3.00|1.84|0.00|0.0000|0.00|||||||||||
02|6|7006|VARAL MASTER INNOVAR INDIV. 1,20 M|789674137006-8|73239900|||5910|PC|6.0000|58.9700|353.82||PC|6.0000|58.9700|0.00|0.00|0.00|||||||0|0||0.00|00|0|3|0.00|353.82|18.00|63.69|0|0.00|0.00|0.00|0.00|0.00|0.00|0.00|||0|50|353.82|||10.00|35.38|0.00|0.00|0.00|0.00|01|353.82|0.65|2.30|0.0000|0.0000|353.82|0.00|0.0000|0.0000|0.00|01|353.82|3.00|10.61|0.00|0.0000|0.00|||||||||||
02|7|7261|VARAL STENDMAX 1 MODULO REGUL.4,8 M|789674137261-1|39249000|||5910|PC|6.0000|12.8900|77.34||PC|6.0000|12.8900|0.00|0.00|0.00|||||||0|0||0.00|00|0|3|0.00|77.34|18.00|13.92|0|0.00|0.00|0.00|0.00|0.00|0.00|0.00|||0|50|77.34|||10.00|7.73|0.00|0.00|0.00|0.00|01|77.34|0.65|0.50|0.0000|0.0000|77.34|0.00|0.0000|0.0000|0.00|01|77.34|3.00|2.32|0.00|0.0000|0.00|||||||||||
03|891.56|160.48|0.00|0.00|891.56|0.00|0.00|0.00|0.00|43.11|0.00|0.00|0.00|934.67|0.00|0.00|0.00|0.00|0.00|0.00|0.00|0.00|0.00|0.00|0.00|0.00||||233544||1|||NOSSO CARRO||||SP|0.00|0.00|0.00|0.00|5910|1200054|||||||7|Volumes com Ferragens|EMPOR-2230|001/007 a 007/007|22|21||000049|934.67|0.00|934.67|||0.00|
04|
99|||||||