01|35|6.101 - VENDAS FORA ESTADO|1|0|000039|2010-07-05||0|3550308|56991334000129|1|01438784001411||LEROY MERLIN S/A|contabilidadefornecedorbrasilia@leroymerlin.com.b|SMAS TRECHO 3, S/N LOTE 5|S/N LOTE||ST MULT.ATIV.SUL|5300108|BRASILIA|DF|71215300|1058|BRASIL|3403-4583|0746117500278|||||||||||||||||||
02|1|6112|PREGADORES DE ROUPAS PLASTICO-12PCS|789674136112-7|39249000|||6102|CT|20.0000|2.2000|44.00||PC|20.0000|2.2000|0.00|0.00|0.00|||||||0|0||0.00|00|0|3|0.00|44.00|7.00|3.08|0|0.00|0.00|0.00|0.00|0.00|0.00|0.00|||0|52||||||0.00|0.00|0.00|0.00|01|44.00|0.65|0.29|0.0000|0.0000|44.00|0.00|0.0000|0.0000|0.00|01|44.00|3.00|1.32|0.00|0.0000|0.00|||||||||||
02|2|6607|VARAL DE PISO ITAPUA|789674136607-8|73239900|||6101|PC|3.0000|77.0100|231.03||PC|3.0000|77.0100|0.00|0.00|0.00|||||||0|0||0.00|00|0|3|0.00|231.03|7.00|16.17|0|0.00|0.00|0.00|0.00|0.00|0.00|0.00|||0|50|231.03|||10.00|23.10|0.00|0.00|0.00|0.00|01|231.03|0.65|1.50|0.0000|0.0000|231.03|0.00|0.0000|0.0000|0.00|01|231.03|3.00|6.93|0.00|0.0000|0.00|||||||||||
02|3|6873|VARAL DE TETO IPANEMA 1,40M|789674136873-7|73239900|||6101|PC|10.0000|30.2500|302.50||PC|10.0000|30.2500|0.00|0.00|0.00|||||||0|0||0.00|00|0|3|0.00|302.50|7.00|21.18|0|0.00|0.00|0.00|0.00|0.00|0.00|0.00|||0|50|302.50|||10.00|30.25|0.00|0.00|0.00|0.00|01|302.50|0.65|1.97|0.0000|0.0000|302.50|0.00|0.0000|0.0000|0.00|01|302.50|3.00|9.08|0.00|0.0000|0.00|||||||||||
02|4|6898|VARAL DE PAREDE PARATI 1,2M|789674136898-0|73239900|||6101|PC|6.0000|35.4700|212.82||PC|6.0000|35.4700|0.00|0.00|0.00|||||||0|0||0.00|00|0|3|0.00|212.82|7.00|14.90|0|0.00|0.00|0.00|0.00|0.00|0.00|0.00|||0|50|212.82|||10.00|21.28|0.00|0.00|0.00|0.00|01|212.82|0.65|1.38|0.0000|0.0000|212.82|0.00|0.0000|0.0000|0.00|01|212.82|3.00|6.38|0.00|0.0000|0.00|||||||||||
02|5|7000|VARAL SANFONADO EM ACO 0,77 m|789674137000-6|73239900|||6101|PC|10.0000|19.1500|191.50||PC|10.0000|19.1500|0.00|0.00|0.00|||||||0|0||0.00|00|0|3|0.00|191.50|7.00|13.41|0|0.00|0.00|0.00|0.00|0.00|0.00|0.00|||0|50|191.50|||10.00|19.15|0.00|0.00|0.00|0.00|01|191.50|0.65|1.24|0.0000|0.0000|191.50|0.00|0.0000|0.0000|0.00|01|191.50|3.00|5.75|0.00|0.0000|0.00|||||||||||
02|6|7002|VARAL CHAO EM ACO BUTTERFLY|789674137002-0|73239900|||6101|PC|5.0000|52.0800|260.40||PC|5.0000|52.0800|0.00|0.00|0.00|||||||0|0||0.00|00|0|3|0.00|260.40|7.00|18.23|0|0.00|0.00|0.00|0.00|0.00|0.00|0.00|||0|50|260.40|||10.00|26.04|0.00|0.00|0.00|0.00|01|260.40|0.65|1.69|0.0000|0.0000|260.40|0.00|0.0000|0.0000|0.00|01|260.40|3.00|7.81|0.00|0.0000|0.00|||||||||||
02|7|7004|VARAL DE CHAO RENOVAR C/ ASAS|789674137004-4|73239900|||6101|PC|180.0000|34.4300|6197.40||PC|180.0000|34.4300|0.00|0.00|0.00|||||||0|0||0.00|00|0|3|0.00|6197.40|7.00|433.82|0|0.00|0.00|0.00|0.00|0.00|0.00|0.00|||0|50|6197.40|||10.00|619.74|0.00|0.00|0.00|0.00|01|6197.40|0.65|40.28|0.0000|0.0000|6197.40|0.00|0.0000|0.0000|0.00|01|6197.40|3.00|185.92|0.00|0.0000|0.00|||||||||||
02|8|7006|VARAL MASTER INNOVAR INDIV. 1,20 M|789674137006-8|73239900|||6101|PC|30.0000|74.1600|2224.80||PC|30.0000|74.1600|0.00|0.00|0.00|||||||0|0||0.00|00|0|3|0.00|2224.80|7.00|155.74|0|0.00|0.00|0.00|0.00|0.00|0.00|0.00|||0|50|2224.80|||10.00|222.48|0.00|0.00|0.00|0.00|01|2224.80|0.65|14.46|0.0000|0.0000|2224.80|0.00|0.0000|0.0000|0.00|01|2224.80|3.00|66.74|0.00|0.0000|0.00|||||||||||
02|9|7008|VARAL MASTER INNOVAR indiv. 1,50 m|789674137008-2|73239900|||6101|PC|8.0000|82.2500|658.00||PC|8.0000|82.2500|0.00|0.00|0.00|||||||0|0||0.00|00|0|3|0.00|658.00|7.00|46.06|0|0.00|0.00|0.00|0.00|0.00|0.00|0.00|||0|50|658.00|||10.00|65.80|0.00|0.00|0.00|0.00|01|658.00|0.65|4.28|0.0000|0.0000|658.00|0.00|0.0000|0.0000|0.00|01|658.00|3.00|19.74|0.00|0.0000|0.00|||||||||||
02|10|7091|VARAL DE TETO EM ACO 0,90X0,56 M|789674137091-4|73239900|||6101|PC|10.0000|16.7900|167.90||PC|10.0000|16.7900|0.00|0.00|0.00|||||||0|0||0.00|00|0|3|0.00|167.90|7.00|11.75|0|0.00|0.00|0.00|0.00|0.00|0.00|0.00|||0|50|167.90|||10.00|16.79|0.00|0.00|0.00|0.00|01|167.90|0.65|1.09|0.0000|0.0000|167.90|0.00|0.0000|0.0000|0.00|01|167.90|3.00|5.04|0.00|0.0000|0.00|||||||||||
02|11|7092|VARAL DE TETO EM ACO 1,20X0,56 M|789674137092-1|73239900|||6101|PC|10.0000|18.1000|181.00||PC|10.0000|18.1000|0.00|0.00|0.00|||||||0|0||0.00|00|0|3|0.00|181.00|7.00|12.67|0|0.00|0.00|0.00|0.00|0.00|0.00|0.00|||0|50|181.00|||10.00|18.10|0.00|0.00|0.00|0.00|01|181.00|0.65|1.18|0.0000|0.0000|181.00|0.00|0.0000|0.0000|0.00|01|181.00|3.00|5.43|0.00|0.0000|0.00|||||||||||
02|12|7093|VARAL DE TETO EM ACO 1,40X0,56 M|789674137093-8|73239900|||6101|PC|10.0000|21.7700|217.70||PC|10.0000|21.7700|0.00|0.00|0.00|||||||0|0||0.00|00|0|3|0.00|217.70|7.00|15.24|0|0.00|0.00|0.00|0.00|0.00|0.00|0.00|||0|50|217.70|||10.00|21.77|0.00|0.00|0.00|0.00|01|217.70|0.65|1.42|0.0000|0.0000|217.70|0.00|0.0000|0.0000|0.00|01|217.70|3.00|6.53|0.00|0.0000|0.00|||||||||||
02|13|7259|VARAL TOALHEIRO 56 CM|789674137259-8|73239900|||6101|PC|20.0000|16.6300|332.60||PC|20.0000|16.6300|0.00|0.00|0.00|||||||0|0||0.00|00|0|3|0.00|332.60|7.00|23.28|0|0.00|0.00|0.00|0.00|0.00|0.00|0.00|||0|50|332.60|||10.00|33.26|0.00|0.00|0.00|0.00|01|332.60|0.65|2.16|0.0000|0.0000|332.60|0.00|0.0000|0.0000|0.00|01|332.60|3.00|9.98|0.00|0.0000|0.00|||||||||||
02|14|7262|VARAL STENDMAX 2 MODULOS REGUL.4,8M|789674137262-8|39249000|||6101|PC|6.0000|25.7700|154.62||PC|6.0000|25.7700|0.00|0.00|0.00|||||||0|0||0.00|00|0|3|0.00|154.62|7.00|10.82|0|0.00|0.00|0.00|0.00|0.00|0.00|0.00|||0|50|154.62|||10.00|15.46|0.00|0.00|0.00|0.00|01|154.62|0.65|1.01|0.0000|0.0000|154.62|0.00|0.0000|0.0000|0.00|01|154.62|3.00|4.64|0.00|0.0000|0.00|||||||||||
02|15|7263|VARAL STENDMAX 3 MODULOS REGUL.4,8M|789674137263-5|39249000|||6101|PC|12.0000|34.9400|419.28||PC|12.0000|34.9400|0.00|0.00|0.00|||||||0|0||0.00|00|0|3|0.00|419.28|7.00|29.35|0|0.00|0.00|0.00|0.00|0.00|0.00|0.00|||0|50|419.28|||10.00|41.93|0.00|0.00|0.00|0.00|01|419.28|0.65|2.73|0.0000|0.0000|419.28|0.00|0.0000|0.0000|0.00|01|419.28|3.00|12.58|0.00|0.0000|0.00|||||||||||
02|16|7267|VARAL STENDMAX 3 MODULOS REGUL.6,0M|789674137267-3|39249000|||6101|PC|6.0000|38.4400|230.64||PC|6.0000|38.4400|0.00|0.00|0.00|||||||0|0||0.00|00|0|3|0.00|230.64|7.00|16.14|0|0.00|0.00|0.00|0.00|0.00|0.00|0.00|||0|50|230.64|||10.00|23.06|0.00|0.00|0.00|0.00|01|230.64|0.65|1.50|0.0000|0.0000|230.64|0.00|0.0000|0.0000|0.00|01|230.64|3.00|6.92|0.00|0.0000|0.00|||||||||||
02|17|7272|VARAL AUTOMATICO C/ 5 CORDAS|789674137272-7|39249000|||6102|PC|6.0000|15.5100|93.06||PC|6.0000|15.5100|0.00|0.00|0.00|||||||0|0||0.00|00|1|3|0.00|93.06|7.00|6.51|0|0.00|0.00|0.00|0.00|0.00|0.00|0.00|||0|50|93.06|||10.00|9.31|0.00|0.00|0.00|0.00|01|93.06|0.65|0.60|0.0000|0.0000|93.06|0.00|0.0000|0.0000|0.00|01|93.06|3.00|2.79|0.00|0.0000|0.00|||||||||||
03|12119.25|848.35|0.00|0.00|12119.25|0.00|0.00|0.00|0.00|1207.52|0.00|0.00|0.00|13326.77|0.00|0.00|0.00|0.00|0.00|0.00|0.00|0.00|0.00|0.00|0.00|0.00||||233544||1|||NOSSO CARRO||||SP|0.00|0.00|0.00|0.00|6101|1200054||||||||Volumes com Ferragens|LEROYDF||877|806||000039|13326.77|0.00|13326.77|3000039/1|2010-11-10|13326.77|3000039/1|2010-11-10|13326.77|
04|MERCADORIA COM REDESPACHO PELO OPERADOR LOGISTICO: ID DO BRASIL LOGISTICA LTDA CNPJ: 04416849/0004-44 E  E.I. 165697-0 NO ENDERECO: AV: 31 MARCO,2350 ESQ. COM AV: TABOAO VIL. FLORIDA - SAO BERNARDO - CEP: 09660 000 - SP
99|||||||