01|35|6.101 - VENDAS FORA ESTADO|1|0|112781|2010-06-30|2010-06-30|1|3550308|56991334000129|1|90059569000115||BG MATS. DE CONSTR. LTDA|NÃO TEM|R:FLORIANOPOLIS, 569|569||BOTAFOGO|4302105|BENTO GONCALVES|RS|95700000|1058|Brasil|3453-2922|0100029612|||||||||||||||||||
02|1|1302/6|TUBO EXTEN.FACIL FIX 0,90X1,40 M|789674131302-7|83024900|||6401|PC|12.0000|8.0300|96.36||PC|12.0000|8.0300|0.00|0.00|0.00||/  /|||/  /||0|0||0.00|00|0|3|0.00|96.36|12.00|11.56|4|0.00|0.00|43.34|25.83|0.00|0.00|0.00|||0|50|96.36|12.0000|8.0300|10.00|9.64|0.00|0.00|0.00|0.00|0|0.00|0.00|0.00|0.0000|0.0000|0.00|0.00|0.0000|0.0000|0.00|0|0.00|0.00|0.00|0.00|0.0000|0.00
02|2|1303/6|TUBO EXTEN.FACIL FIX 1,40X2,10 M|789674131303-4|83024900|||6401|PC|12.0000|11.5200|138.24||PC|12.0000|11.5200|0.00|0.00|0.00||/  /|||/  /||0|0||0.00|00|0|3|0.00|138.24|12.00|16.59|4|0.00|0.00|43.34|37.05|0.00|0.00|0.00|||0|50|138.24|12.0000|11.5200|10.00|13.82|0.00|0.00|0.00|0.00|0|0.00|0.00|0.00|0.0000|0.0000|0.00|0.00|0.0000|0.0000|0.00|0|0.00|0.00|0.00|0.00|0.0000|0.00
02|3|1422|CORTINA PVC P/BOX LISA 1.4X2.0M BR|789674131422-2|39249000|||6101|PC|6.0000|12.5300|75.18||PC|6.0000|12.5300|0.00|0.00|0.00||/  /|||/  /||0|0||0.00|00|0|3|0.00|75.18|12.00|9.02|0|0.00|0.00|0.00|0.00|0.00|0.00|0.00|||0|50|0.00|6.0000|0.0000|0.00|0.00|0.00|0.00|0.00|0.00|0|0.00|0.00|0.00|0.0000|0.0000|0.00|0.00|0.0000|0.0000|0.00|0|0.00|0.00|0.00|0.00|0.0000|0.00
02|4|1423|CORTINA PVC P/BOX LISA 1.40X2.00M T|789674131420-1|39249000|||6101|PC|6.0000|12.5300|75.18||PC|6.0000|12.5300|0.00|0.00|0.00||/  /|||/  /||0|0||0.00|00|0|3|0.00|75.18|12.00|9.02|0|0.00|0.00|0.00|0.00|0.00|0.00|0.00|||0|50|0.00|6.0000|0.0000|0.00|0.00|0.00|0.00|0.00|0.00|0|0.00|0.00|0.00|0.0000|0.0000|0.00|0.00|0.0000|0.0000|0.00|0|0.00|0.00|0.00|0.00|0.0000|0.00
02|5|4346|CHAPA P/ CARPETE EM ROLO 30MM-LATAO|789674134346-8|74092100|||6101|MT|100.0000|7.4500|745.00||PC|100.0000|7.4500|0.00|0.00|0.00||/  /|||/  /||0|0||0.00|00|0|3|0.00|745.00|12.00|89.40|0|0.00|0.00|0.00|0.00|0.00|0.00|0.00|||0|50|745.00|100.0000|7.4500|5.00|37.25|0.00|0.00|0.00|0.00|0|0.00|0.00|0.00|0.0000|0.0000|0.00|0.00|0.0000|0.0000|0.00|0|0.00|0.00|0.00|0.00|0.0000|0.00
02|6|5000|VEDA PORTA 90 cm|789674135002-8|96039000|||6101|PC|25.0000|8.3200|208.00||PC|25.0000|8.3200|0.00|0.00|0.00||/  /|||/  /||0|0||0.00|00|0|3|0.00|208.00|12.00|24.97|0|0.00|0.00|0.00|0.00|0.00|0.00|0.00|||0|50|0.00|25.0000|0.0000|0.00|0.00|0.00|0.00|0.00|0.00|0|0.00|0.00|0.00|0.0000|0.0000|0.00|0.00|0.0000|0.0000|0.00|0|0.00|0.00|0.00|0.00|0.0000|0.00
02|7|7263|VARAL STENDMAX 3 MODULOS REGUL.4,8M|789674137263-5|39249000|||6101|PC|12.0000|27.2800|327.36||PC|12.0000|27.2800|0.00|0.00|0.00||/  /|||/  /||0|0||0.00|00|0|3|0.00|327.36|12.00|39.28|0|0.00|0.00|0.00|0.00|0.00|0.00|0.00|||0|50|327.36|12.0000|27.2800|10.00|32.74|0.00|0.00|0.00|0.00|0|0.00|0.00|0.00|0.0000|0.0000|0.00|0.00|0.0000|0.0000|0.00|0|0.00|0.00|0.00|0.00|0.0000|0.00
03|1665.32|199.84|369.90|34.73|1665.32|0.00|0.00|0.00|0.00|93.45|0.00|0.00|0.00|1793.50|0.00|0.00|0.00|0.00|0.00|0.00|0.00|0.00|0.00|0.00|0.00|0.00|SP|SAO PAULO||239440||2|87858361000313||RAPIDO GARIBALDI LTDA|112310482115|RUA ELI 480 VILA MARIA|SAO PAULO|SP|0.00|0.00|0.00|0.00|6.10|35|AAA-4545|SP|XXX-ERF10|AAA-4545|||13|Vol.c/Ferragens|caixas|13|47|49|sem uso|112781|1793.50|0.00|1793.50|112781/1|28/07/2010|1793.50|||0.00|||0.00|||0.00
04|
99|||||||
