01|35|.    -|1|0||2010-07-01|2010-07-01|1|3550308|56991334000129|1||||MICHELEMELDUTRA@GMAIL.COM JOSEEDUTRA@GMAIL.COM||516||||||21020050|1058|Brasil|||||||||||||||||||||
02|1|1602|TUBO EXT. P/ CORTINAS 0,90 A 1,03 M|789674131602-8|83024900|||6101|PC|100.0000|1.9300|193.00||PC|100.0000|1.9300|0.00|0.00|0.00|||||||0|0||0.00|00|0|3|0.00|193.00|12.00|23.16|0|0.00|0.00|0.00|0.00|0.00|0.00|0.00|||0|50|193.00|||10.00|19.30|0.00|0.00|0.00|0.00|01|193.00|0.65|1.25|0.0000|0.0000|193.00|0.00|0.0000|0.0000|0.00|01|193.00|3.00|5.79|0.00|0.0000|0.00|||||||||||
02|2|1604|TUBO EXT. P/ CORTINAS 1,20X1,33M|789674131604-2|83024900|||6101|PC|100.0000|2.1200|212.00||PC|100.0000|2.1200|0.00|0.00|0.00|||||||0|0||0.00|00|0|3|0.00|212.00|12.00|25.44|0|0.00|0.00|0.00|0.00|0.00|0.00|0.00|||0|50|212.00|||10.00|21.20|0.00|0.00|0.00|0.00|01|212.00|0.65|1.38|0.0000|0.0000|212.00|0.00|0.0000|0.0000|0.00|01|212.00|3.00|6.36|0.00|0.0000|0.00|||||||||||
02|3|1605|TUBO EXT. P/ CORTINAS 1,35X1,48M|789674131605-9|83024900|||6101|PC|150.0000|2.2800|342.00||PC|150.0000|2.2800|0.00|0.00|0.00|||||||0|0||0.00|00|0|3|0.00|342.00|12.00|41.04|0|0.00|0.00|0.00|0.00|0.00|0.00|0.00|||0|50|342.00|||10.00|34.20|0.00|0.00|0.00|0.00|01|342.00|0.65|2.22|0.0000|0.0000|342.00|0.00|0.0000|0.0000|0.00|01|342.00|3.00|10.26|0.00|0.0000|0.00|||||||||||
02|4|1606|TUBO EXT. P/ CORTINAS1,50 A 1,63 M|789674131606-6|83024900|||6101|PC|100.0000|2.5700|257.00||PC|100.0000|2.5700|0.00|0.00|0.00|||||||0|0||0.00|00|0|3|0.00|257.00|12.00|30.84|0|0.00|0.00|0.00|0.00|0.00|0.00|0.00|||0|50|257.00|||10.00|25.70|0.00|0.00|0.00|0.00|01|257.00|0.65|1.67|0.0000|0.0000|257.00|0.00|0.0000|0.0000|0.00|01|257.00|3.00|7.71|0.00|0.0000|0.00|||||||||||
02|5|1622|TUBO EXT. P/ CORTINAS  1,40X2,10 M|0|83024900|||6101|PC|50.0000|5.3000|265.00||PC|50.0000|5.3000|0.00|0.00|0.00|||||||0|0||0.00|00|0|3|0.00|265.00|12.00|31.80|0|0.00|0.00|0.00|0.00|0.00|0.00|0.00|||0|50|265.00|||10.00|26.50|0.00|0.00|0.00|0.00|01|265.00|0.65|1.72|0.0000|0.0000|265.00|0.00|0.0000|0.0000|0.00|01|265.00|3.00|7.95|0.00|0.0000|0.00|||||||||||
02|6|1633|TUBO EXT. P/ CORTINAS1,05X1,18M|789674131633-2|83024900|||6101|PC|200.0000|2.0600|412.00||PC|200.0000|2.0600|0.00|0.00|0.00|||||||0|0||0.00|00|0|3|0.00|412.00|12.00|49.44|0|0.00|0.00|0.00|0.00|0.00|0.00|0.00|||0|50|412.00|||10.00|41.20|0.00|0.00|0.00|0.00|01|412.00|0.65|2.68|0.0000|0.0000|412.00|0.00|0.0000|0.0000|0.00|01|412.00|3.00|12.36|0.00|0.0000|0.00|||||||||||
02|7|1711|SECADOR PORTATIL PISO 0,80X0,50M|789674131711-7|73239900|||6101|PC|50.0000|9.3000|465.00||PC|50.0000|9.3000|0.00|0.00|0.00|||||||0|0||0.00|00|0|3|0.00|465.00|12.00|55.80|0|0.00|0.00|0.00|0.00|0.00|0.00|0.00|||0|50|465.00|||10.00|46.50|0.00|0.00|0.00|0.00|01|465.00|0.65|3.02|0.0000|0.0000|465.00|0.00|0.0000|0.0000|0.00|01|465.00|3.00|13.95|0.00|0.0000|0.00|||||||||||
02|8|1741|SECADOR  SANF. 1,00X0,36M REN.|789674131741-4|73239900|||6101|PC|12.0000|6.6800|80.16||PC|12.0000|6.6800|0.00|0.00|0.00|||||||0|0||0.00|00|0|3|0.00|80.16|12.00|9.62|0|0.00|0.00|0.00|0.00|0.00|0.00|0.00|||0|50|80.16|||10.00|8.02|0.00|0.00|0.00|0.00|01|80.16|0.65|0.52|0.0000|0.0000|80.16|0.00|0.0000|0.0000|0.00|01|80.16|3.00|2.40|0.00|0.0000|0.00|||||||||||
02|9|1872|SECADOR TETO RENOVAR 1,20X0,50M|789674131872-5|73239900|||6101|PC|20.0000|7.0000|140.00||PC|20.0000|7.0000|0.00|0.00|0.00|||||||0|0||0.00|00|0|3|0.00|140.00|12.00|16.80|0|0.00|0.00|0.00|0.00|0.00|0.00|0.00|||0|50|140.00|||10.00|14.00|0.00|0.00|0.00|0.00|01|140.00|0.65|0.91|0.0000|0.0000|140.00|0.00|0.0000|0.0000|0.00|01|140.00|3.00|4.20|0.00|0.0000|0.00|||||||||||
03|2366.16|283.94|0.00|0.00|2366.16|0.00|0.00|0.00|0.00|236.62|0.00|0.00|0.00|2602.78|0.00|0.00|0.00|0.00|0.00|0.00|0.00|0.00|0.00|0.00|0.00|0.00||||239846||0|28743813000271||RODORIO TRANSPORTES LTDA|112627811118|R: ALEXANIA, 329|GUARULHOS|SP|0.00|0.00|0.00|0.00|.|12|||||||37|Volumes com Ferragens||001/037 a 037/037|0|0|||0.00|0.00|0.00||-  -|0.00|
04|
99|||||||