01|35|5.101 - VENDA DENT ESTADO|1|0|000009|2010-07-05||0|3550308|56991334000129|1|01438784001179||LEROY MERLIN S/A|contabilidadesaocaetano@leroymerlin.com.br|AV:DO ESTADO,1750|1750||FUNDACAO|3548807|SAO CAETANO DO SUL|SP|09520150|1058|BRASIL|4223-95-00|636267730118|||||||||||||||||||
02|1|6012|CORDA MULTIUSO DE POLIPROPILENO 15m|789674136012-0|56074900|||5101|PC|20.0000|7.9900|159.80||PC|20.0000|7.9900|0.00|0.00|0.00|||||||0|0||0.00|00|0|3|0.00|159.80|18.00|28.76|0|0.00|0.00|0.00|0.00|0.00|0.00|0.00|||0|52||||||0.00|0.00|0.00|0.00|01|159.80|0.65|1.04|0.0000|0.0000|159.80|0.00|0.0000|0.0000|0.00|01|159.80|3.00|4.79|0.00|0.0000|0.00|||||||||||
02|2|7001|VARAL PORTATIL DE CHAO EM ACO|789674137001-3|73239900|||5101|PC|10.0000|40.3000|403.00||PC|10.0000|40.3000|0.00|0.00|0.00|||||||0|0||0.00|00|0|3|0.00|403.00|18.00|72.54|0|0.00|0.00|0.00|0.00|0.00|0.00|0.00|||0|50|403.00|||10.00|40.30|0.00|0.00|0.00|0.00|01|403.00|0.65|2.62|0.0000|0.0000|403.00|0.00|0.0000|0.0000|0.00|01|403.00|3.00|12.09|0.00|0.0000|0.00|||||||||||
02|3|7002|VARAL CHAO EM ACO BUTTERFLY|789674137002-0|73239900|||5101|PC|35.0000|59.0600|2067.10||PC|35.0000|59.0600|0.00|0.00|0.00|||||||0|0||0.00|00|0|3|0.00|2067.10|18.00|372.08|0|0.00|0.00|0.00|0.00|0.00|0.00|0.00|||0|50|2067.10|||10.00|206.71|0.00|0.00|0.00|0.00|01|2067.10|0.65|13.44|0.0000|0.0000|2067.10|0.00|0.0000|0.0000|0.00|01|2067.10|3.00|62.01|0.00|0.0000|0.00|||||||||||
02|4|7006|VARAL MASTER INNOVAR INDIV. 1,20 M|789674137006-8|73239900|||5101|PC|6.0000|84.1000|504.60||PC|6.0000|84.1000|0.00|0.00|0.00|||||||0|0||0.00|00|0|3|0.00|504.60|18.00|90.83|0|0.00|0.00|0.00|0.00|0.00|0.00|0.00|||0|50|504.60|||10.00|50.46|0.00|0.00|0.00|0.00|01|504.60|0.65|3.28|0.0000|0.0000|504.60|0.00|0.0000|0.0000|0.00|01|504.60|3.00|15.14|0.00|0.0000|0.00|||||||||||
02|5|7007|VARAL DE PISO ILHA BELA|789674137007-5|73239900|||5101|PC|5.0000|67.5400|337.70||PC|5.0000|67.5400|0.00|0.00|0.00|||||||0|0||0.00|00|0|3|0.00|337.70|18.00|60.79|0|0.00|0.00|0.00|0.00|0.00|0.00|0.00|||0|50|337.70|||10.00|33.77|0.00|0.00|0.00|0.00|01|337.70|0.65|2.20|0.0000|0.0000|337.70|0.00|0.0000|0.0000|0.00|01|337.70|3.00|10.13|0.00|0.0000|0.00|||||||||||
02|6|7008|VARAL MASTER INNOVAR indiv. 1,50 m|789674137008-2|73239900|||5101|PC|12.0000|93.2800|1119.36||PC|12.0000|93.2800|0.00|0.00|0.00|||||||0|0||0.00|00|0|3|0.00|1119.36|18.00|201.48|0|0.00|0.00|0.00|0.00|0.00|0.00|0.00|||0|50|1119.36|||10.00|111.94|0.00|0.00|0.00|0.00|01|1119.36|0.65|7.28|0.0000|0.0000|1119.36|0.00|0.0000|0.0000|0.00|01|1119.36|3.00|33.58|0.00|0.0000|0.00|||||||||||
02|7|7009|VARAL BRISA DE CHAO EM ACO|789674137009-9|73239900|||5101|PC|12.0000|28.4300|341.16||PC|12.0000|28.4300|0.00|0.00|0.00|||||||0|0||0.00|00|0|3|0.00|341.16|18.00|61.41|0|0.00|0.00|0.00|0.00|0.00|0.00|0.00|||0|50|341.16|||10.00|34.12|0.00|0.00|0.00|0.00|01|341.16|0.65|2.22|0.0000|0.0000|341.16|0.00|0.0000|0.0000|0.00|01|341.16|3.00|10.23|0.00|0.0000|0.00|||||||||||
02|8|7091|VARAL DE TETO EM ACO 0,90X0,56 M|789674137091-4|73239900|||5101|PC|20.0000|19.0400|380.80||PC|20.0000|19.0400|0.00|0.00|0.00|||||||0|0||0.00|00|0|3|0.00|380.80|18.00|68.54|0|0.00|0.00|0.00|0.00|0.00|0.00|0.00|||0|50|380.80|||10.00|38.08|0.00|0.00|0.00|0.00|01|380.80|0.65|2.48|0.0000|0.0000|380.80|0.00|0.0000|0.0000|0.00|01|380.80|3.00|11.42|0.00|0.0000|0.00|||||||||||
02|9|7092|VARAL DE TETO EM ACO 1,20X0,56 M|789674137092-1|73239900|||5101|PC|10.0000|20.5300|205.30||PC|10.0000|20.5300|0.00|0.00|0.00|||||||0|0||0.00|00|0|3|0.00|205.30|18.00|36.95|0|0.00|0.00|0.00|0.00|0.00|0.00|0.00|||0|50|205.30|||10.00|20.53|0.00|0.00|0.00|0.00|01|205.30|0.65|1.33|0.0000|0.0000|205.30|0.00|0.0000|0.0000|0.00|01|205.30|3.00|6.16|0.00|0.0000|0.00|||||||||||
02|10|7259|VARAL TOALHEIRO 56 CM|789674137259-8|73239900|||5101|PC|10.0000|18.8600|188.60||PC|10.0000|18.8600|0.00|0.00|0.00|||||||0|0||0.00|00|0|3|0.00|188.60|18.00|33.95|0|0.00|0.00|0.00|0.00|0.00|0.00|0.00|||0|50|188.60|||10.00|18.86|0.00|0.00|0.00|0.00|01|188.60|0.65|1.23|0.0000|0.0000|188.60|0.00|0.0000|0.0000|0.00|01|188.60|3.00|5.66|0.00|0.0000|0.00|||||||||||
02|11|7263|VARAL STENDMAX 3 MODULOS REGUL.4,8M|789674137263-5|39249000|||5101|PC|12.0000|39.6300|475.56||PC|12.0000|39.6300|0.00|0.00|0.00|||||||0|0||0.00|00|0|3|0.00|475.56|18.00|85.60|0|0.00|0.00|0.00|0.00|0.00|0.00|0.00|||0|50|475.56|||10.00|47.56|0.00|0.00|0.00|0.00|01|475.56|0.65|3.09|0.0000|0.0000|475.56|0.00|0.0000|0.0000|0.00|01|475.56|3.00|14.27|0.00|0.0000|0.00|||||||||||
02|12|7267|VARAL STENDMAX 3 MODULOS REGUL.6,0M|789674137267-3|39249000|||5101|PC|6.0000|43.6000|261.60||PC|6.0000|43.6000|0.00|0.00|0.00|||||||0|0||0.00|00|0|3|0.00|261.60|18.00|47.09|0|0.00|0.00|0.00|0.00|0.00|0.00|0.00|||0|50|261.60|||10.00|26.16|0.00|0.00|0.00|0.00|01|261.60|0.65|1.70|0.0000|0.0000|261.60|0.00|0.0000|0.0000|0.00|01|261.60|3.00|7.85|0.00|0.0000|0.00|||||||||||
02|13|7280|VARAL DE ACO REVESTIDO PVC 10 MTS|789674137280-2|73239900|||5102|PC|20.0000|5.8500|117.00||PC|20.0000|5.8500|0.00|0.00|0.00|||||||0|0||0.00|00|0|3|0.00|117.00|18.00|21.06|0|0.00|0.00|0.00|0.00|0.00|0.00|0.00|||0|52||||||0.00|0.00|0.00|0.00|01|117.00|0.65|0.76|0.0000|0.0000|117.00|0.00|0.0000|0.0000|0.00|01|117.00|3.00|3.51|0.00|0.0000|0.00|||||||||||
02|14|9900|PROTETOR DE PIA|789674139900-7|39241000|||5401|PC|20.0000|7.7300|154.60||PC|20.0000|7.7300|0.00|0.00|0.00|||||||0|0||0.00|10|0|3|0.00|154.60|18.00|27.83|4|0.00|0.00|38.00|42.24|0.00|0.00|0.00|||0|50|154.60|||10.00|15.46|0.00|0.00|0.00|0.00|01|154.60|0.65|1.00|0.0000|0.0000|154.60|0.00|0.0000|0.0000|0.00|01|154.60|3.00|4.64|0.00|0.0000|0.00|||||||||||
03|6716.18|1208.91|234.68|14.41|6716.18|0.00|0.00|0.00|0.00|643.95|0.00|0.00|0.00|7374.54|0.00|0.00|0.00|0.00|0.00|0.00|0.00|0.00|0.00|0.00|0.00|0.00||||233544||1|||NOSSO CARRO||||SP|0.00|0.00|0.00|0.00|5101|1200054|||||||24|Volumes com Ferragens|LEROY CAET|001/024 a 024/024|330|307||000009|7374.54|0.00|7374.54|3000009/1|2010-11-10|7374.54|3000009/1|2010-11-10|7374.54|
04|MERCADORIA COM REDESPACHO PELO OPERADOR LOGISTICO: ID DO BRASIL LOGISTICA LTDA CNPJ: 04416849/0004-44 E  E.I. 165697-0 NO ENDERECO: AV: 31 MARCO,2350 ESQ. COM AV: TABOAO VIL. FLORIDA - SAO BERNARDO - CEP: 09660 000 - SP
99|||||||