01|35|.    -|1|0||2010-07-01|2010-07-01|1|3550308|56991334000129|1||||MICHELEMELDUTRA@GMAIL.COM JOSEEDUTRA@GMAIL.COM||516||||||21020050|1058|Brasil|||||||||||||||||||||
02|1|1332/6|TUBO EXTEN.PRONTO FIX 0,90 A 1,03 M|789674131332-4|83024900|||6101|PC|24.0000|4.2600|102.24||PC|24.0000|4.2600|0.00|0.00|0.00|||||||0|0||0.00|00|0|3|0.00|102.24|7.00|7.16|0|0.00|0.00|0.00|0.00|0.00|0.00|0.00|||0|50|102.24|||10.00|10.22|0.00|0.00|0.00|0.00|01|102.24|0.65|0.66|0.0000|0.0000|102.24|0.00|0.0000|0.0000|0.00|01|102.24|3.00|3.07|0.00|0.0000|0.00|||||||||||
02|2|1333/6|TUBO EXTEN.PRONTO FIX 1,05 A 1,18M|789674131333-1|83024900|||6101|PC|36.0000|4.5500|163.80||PC|36.0000|4.5500|0.00|0.00|0.00|||||||0|0||0.00|00|0|3|0.00|163.80|7.00|11.47|0|0.00|0.00|0.00|0.00|0.00|0.00|0.00|||0|50|163.80|||10.00|16.38|0.00|0.00|0.00|0.00|01|163.80|0.65|1.06|0.0000|0.0000|163.80|0.00|0.0000|0.0000|0.00|01|163.80|3.00|4.91|0.00|0.0000|0.00|||||||||||
02|3|1334/6|TUBO EXTEN.PRONTO FIX 1,20 A 1,33 M|789674131334-8|83024900|||6101|PC|48.0000|4.6800|224.64||PC|48.0000|4.6800|0.00|0.00|0.00|||||||0|0||0.00|00|0|3|0.00|224.64|7.00|15.72|0|0.00|0.00|0.00|0.00|0.00|0.00|0.00|||0|50|224.64|||10.00|22.46|0.00|0.00|0.00|0.00|01|224.64|0.65|1.46|0.0000|0.0000|224.64|0.00|0.0000|0.0000|0.00|01|224.64|3.00|6.74|0.00|0.0000|0.00|||||||||||
02|4|1335/6|TUBO EXTEN.PRONTO FIX 1,35 A 1,48 M|789674131335-5|83024900|||6101|PC|36.0000|5.0200|180.72||PC|36.0000|5.0200|0.00|0.00|0.00|||||||0|0||0.00|00|0|3|0.00|180.72|7.00|12.65|0|0.00|0.00|0.00|0.00|0.00|0.00|0.00|||0|50|180.72|||10.00|18.07|0.00|0.00|0.00|0.00|01|180.72|0.65|1.17|0.0000|0.0000|180.72|0.00|0.0000|0.0000|0.00|01|180.72|3.00|5.42|0.00|0.0000|0.00|||||||||||
02|5|1336/6|TUBO EXTEN.PRONTO FIX 1,50 A 1,63 M|789674131336-2|83024900|||6101|PC|48.0000|5.6700|272.16||PC|48.0000|5.6700|0.00|0.00|0.00|||||||0|0||0.00|00|0|3|0.00|272.16|7.00|19.05|0|0.00|0.00|0.00|0.00|0.00|0.00|0.00|||0|50|272.16|||10.00|27.22|0.00|0.00|0.00|0.00|01|272.16|0.65|1.77|0.0000|0.0000|272.16|0.00|0.0000|0.0000|0.00|01|272.16|3.00|8.16|0.00|0.0000|0.00|||||||||||
02|6|1337/6|TUBO EXTEN.PRONTO FIX 1,65 X 1,78 M|789674131337-9|83024900|||6101|PC|24.0000|6.0000|144.00||PC|24.0000|6.0000|0.00|0.00|0.00|||||||0|0||0.00|00|0|3|0.00|144.00|7.00|10.08|0|0.00|0.00|0.00|0.00|0.00|0.00|0.00|||0|50|144.00|||10.00|14.40|0.00|0.00|0.00|0.00|01|144.00|0.65|0.94|0.0000|0.0000|144.00|0.00|0.0000|0.0000|0.00|01|144.00|3.00|4.32|0.00|0.0000|0.00|||||||||||
02|7|1338/6|TUBO EXTEN.PRONTO FIX 1,80 X 1,93 M|789674131338-6|83024900|||6101|PC|24.0000|6.3700|152.88||PC|24.0000|6.3700|0.00|0.00|0.00|||||||0|0||0.00|00|0|3|0.00|152.88|7.00|10.70|0|0.00|0.00|0.00|0.00|0.00|0.00|0.00|||0|50|152.88|||10.00|15.29|0.00|0.00|0.00|0.00|01|152.88|0.65|0.99|0.0000|0.0000|152.88|0.00|0.0000|0.0000|0.00|01|152.88|3.00|4.59|0.00|0.0000|0.00|||||||||||
02|8|1404|TUBO EM "L" 1,00X1,00 M|789674131404-8|83024900|||6101|PC|20.0000|7.0000|140.00||PC|20.0000|7.0000|0.00|0.00|0.00|||||||0|0||0.00|00|0|3|0.00|140.00|7.00|9.80|0|0.00|0.00|0.00|0.00|0.00|0.00|0.00|||0|50|140.00|||10.00|14.00|0.00|0.00|0.00|0.00|01|140.00|0.65|0.91|0.0000|0.0000|140.00|0.00|0.0000|0.0000|0.00|01|140.00|3.00|4.20|0.00|0.0000|0.00|||||||||||
03|1380.44|96.63|0.00|0.00|1380.44|0.00|0.00|0.00|0.00|138.04|0.00|0.00|0.00|1518.48|0.00|0.00|0.00|0.00|0.00|0.00|0.00|0.00|0.00|0.00|0.00|0.00||||239834||0|70033451000291||TRANSPORTADORA BOM JESUS LTDA|336808065115|R: ALEXANIA,847|GUARULHOS|SP|0.00|0.00|0.00|0.00|.|12|||||||42|Volumes com Ferragens||001/042 a 042/042|0|0|||0.00|0.00|0.00||-  -|0.00|
04|
99|||||||