01|35|5.101 - VENDA DENT ESTADO|1|0|000036|2010-07-05||0|3550308|56991334000129|1|01438784001330||LEROY MERLIN S/A|contabilidademorumbi@leroymerlin.com.br|AV:MAGALHAES CASTRO,S/N KM12|S/N KM12||MORUMBI|3550308|SAO PAULO|SP|05502000|1058|BRASIL|37595800|116613718111|||||||||||||||||||
02|1|6012|CORDA MULTIUSO DE POLIPROPILENO 15m|789674136012-0|56074900|||5101|PC|40.0000|7.9900|319.60||PC|40.0000|7.9900|0.00|0.00|0.00|||||||0|0||0.00|00|0|3|0.00|319.60|18.00|57.53|0|0.00|0.00|0.00|0.00|0.00|0.00|0.00|||0|52||||||0.00|0.00|0.00|0.00|01|319.60|0.65|2.08|0.0000|0.0000|319.60|0.00|0.0000|0.0000|0.00|01|319.60|3.00|9.59|0.00|0.0000|0.00|||||||||||
02|2|6112|PREGADORES DE ROUPAS PLASTICO-12PCS|789674136112-7|39249000|||5102|CT|20.0000|2.5000|50.00||PC|20.0000|2.5000|0.00|0.00|0.00|||||||0|0||0.00|00|0|3|0.00|50.00|18.00|9.00|0|0.00|0.00|0.00|0.00|0.00|0.00|0.00|||0|52||||||0.00|0.00|0.00|0.00|01|50.00|0.65|0.33|0.0000|0.0000|50.00|0.00|0.0000|0.0000|0.00|01|50.00|3.00|1.50|0.00|0.0000|0.00|||||||||||
02|3|6113|PREGADORES C/ ARGOLAS|789674136113-4|39249000|||5101|CT|20.0000|4.2100|84.20||PC|20.0000|4.2100|0.00|0.00|0.00|||||||0|0||0.00|00|0|3|0.00|84.20|18.00|15.16|0|0.00|0.00|0.00|0.00|0.00|0.00|0.00|||0|50|84.20|||10.00|8.42|0.00|0.00|0.00|0.00|01|84.20|0.65|0.55|0.0000|0.0000|84.20|0.00|0.0000|0.0000|0.00|01|84.20|3.00|2.53|0.00|0.0000|0.00|||||||||||
02|4|6551|VARAL SANFONATTO TUBULAR DE 0,8M|789674136551-4|73239900|||5101|PC|5.0000|46.5900|232.95||PC|5.0000|46.5900|0.00|0.00|0.00|||||||0|0||0.00|00|0|3|0.00|232.95|18.00|41.93|0|0.00|0.00|0.00|0.00|0.00|0.00|0.00|||0|50|232.95|||10.00|23.30|0.00|0.00|0.00|0.00|01|232.95|0.65|1.51|0.0000|0.0000|232.95|0.00|0.0000|0.0000|0.00|01|232.95|3.00|6.99|0.00|0.0000|0.00|||||||||||
02|5|7002|VARAL CHAO EM ACO BUTTERFLY|789674137002-0|73239900|||5101|PC|15.0000|59.0600|885.90||PC|15.0000|59.0600|0.00|0.00|0.00|||||||0|0||0.00|00|0|3|0.00|885.90|18.00|159.46|0|0.00|0.00|0.00|0.00|0.00|0.00|0.00|||0|50|885.90|||10.00|88.59|0.00|0.00|0.00|0.00|01|885.90|0.65|5.76|0.0000|0.0000|885.90|0.00|0.0000|0.0000|0.00|01|885.90|3.00|26.58|0.00|0.0000|0.00|||||||||||
02|6|7004|VARAL DE CHAO RENOVAR C/ ASAS|789674137004-4|73239900|||5101|PC|55.0000|39.0400|2147.20||PC|55.0000|39.0400|0.00|0.00|0.00|||||||0|0||0.00|00|0|3|0.00|2147.20|18.00|386.50|0|0.00|0.00|0.00|0.00|0.00|0.00|0.00|||0|50|2147.20|||10.00|214.72|0.00|0.00|0.00|0.00|01|2147.20|0.65|13.96|0.0000|0.0000|2147.20|0.00|0.0000|0.0000|0.00|01|2147.20|3.00|64.42|0.00|0.0000|0.00|||||||||||
02|7|7006|VARAL MASTER INNOVAR INDIV. 1,20 M|789674137006-8|73239900|||5101|PC|6.0000|84.1000|504.60||PC|6.0000|84.1000|0.00|0.00|0.00|||||||0|0||0.00|00|0|3|0.00|504.60|18.00|90.83|0|0.00|0.00|0.00|0.00|0.00|0.00|0.00|||0|50|504.60|||10.00|50.46|0.00|0.00|0.00|0.00|01|504.60|0.65|3.28|0.0000|0.0000|504.60|0.00|0.0000|0.0000|0.00|01|504.60|3.00|15.14|0.00|0.0000|0.00|||||||||||
02|8|7008|VARAL MASTER INNOVAR indiv. 1,50 m|789674137008-2|73239900|||5101|PC|6.0000|93.2800|559.68||PC|6.0000|93.2800|0.00|0.00|0.00|||||||0|0||0.00|00|0|3|0.00|559.68|18.00|100.74|0|0.00|0.00|0.00|0.00|0.00|0.00|0.00|||0|50|559.68|||10.00|55.97|0.00|0.00|0.00|0.00|01|559.68|0.65|3.64|0.0000|0.0000|559.68|0.00|0.0000|0.0000|0.00|01|559.68|3.00|16.79|0.00|0.0000|0.00|||||||||||
02|9|7071|VARAL DE TETO  CAMBURI  0,98 M|789674137071-6|73239900|||5101|PC|30.0000|32.7000|981.00||PC|30.0000|32.7000|0.00|0.00|0.00|||||||0|0||0.00|00|0|3|0.00|981.00|18.00|176.58|0|0.00|0.00|0.00|0.00|0.00|0.00|0.00|||0|50|981.00|||10.00|98.10|0.00|0.00|0.00|0.00|01|981.00|0.65|6.38|0.0000|0.0000|981.00|0.00|0.0000|0.0000|0.00|01|981.00|3.00|29.43|0.00|0.0000|0.00|||||||||||
02|10|7080|VARAL DE TETO ITACARE 0,90 M|789674137080-8|76151900|||5101|PC|10.0000|44.0700|440.70||PC|10.0000|44.0700|0.00|0.00|0.00|||||||0|0||0.00|00|0|3|0.00|440.70|18.00|79.33|0|0.00|0.00|0.00|0.00|0.00|0.00|0.00|||0|50|440.70|||10.00|44.07|0.00|0.00|0.00|0.00|01|440.70|0.65|2.86|0.0000|0.0000|440.70|0.00|0.0000|0.0000|0.00|01|440.70|3.00|13.22|0.00|0.0000|0.00|||||||||||
02|11|7081|VARAL DE TETO ITACARE 1,20 M|789674137081-5|76151900|||5101|PC|30.0000|52.5300|1575.90||PC|30.0000|52.5300|0.00|0.00|0.00|||||||0|0||0.00|00|0|3|0.00|1575.90|18.00|283.66|0|0.00|0.00|0.00|0.00|0.00|0.00|0.00|||0|50|1575.90|||10.00|157.59|0.00|0.00|0.00|0.00|01|1575.90|0.65|10.24|0.0000|0.0000|1575.90|0.00|0.0000|0.0000|0.00|01|1575.90|3.00|47.28|0.00|0.0000|0.00|||||||||||
02|12|7092|VARAL DE TETO EM ACO 1,20X0,56 M|789674137092-1|73239900|||5101|PC|60.0000|20.5300|1231.80||PC|60.0000|20.5300|0.00|0.00|0.00|||||||0|0||0.00|00|0|3|0.00|1231.80|18.00|221.72|0|0.00|0.00|0.00|0.00|0.00|0.00|0.00|||0|50|1231.80|||10.00|123.18|0.00|0.00|0.00|0.00|01|1231.80|0.65|8.01|0.0000|0.0000|1231.80|0.00|0.0000|0.0000|0.00|01|1231.80|3.00|36.95|0.00|0.0000|0.00|||||||||||
02|13|7204|VARAL PAREDE ARRAIAL DO CABO 1,0M|789674137204-8|76151900|||5101|PC|5.0000|48.8800|244.40||PC|5.0000|48.8800|0.00|0.00|0.00|||||||0|0||0.00|00|0|3|0.00|244.40|18.00|43.99|0|0.00|0.00|0.00|0.00|0.00|0.00|0.00|||0|50|244.40|||10.00|24.44|0.00|0.00|0.00|0.00|01|244.40|0.65|1.59|0.0000|0.0000|244.40|0.00|0.0000|0.0000|0.00|01|244.40|3.00|7.33|0.00|0.0000|0.00|||||||||||
02|14|7261|VARAL STENDMAX 1 MODULO REGUL.4,8 M|789674137261-1|39249000|||5101|PC|6.0000|18.8600|113.16||PC|6.0000|18.8600|0.00|0.00|0.00|||||||0|0||0.00|00|0|3|0.00|113.16|18.00|20.37|0|0.00|0.00|0.00|0.00|0.00|0.00|0.00|||0|50|113.16|||10.00|11.32|0.00|0.00|0.00|0.00|01|113.16|0.65|0.74|0.0000|0.0000|113.16|0.00|0.0000|0.0000|0.00|01|113.16|3.00|3.39|0.00|0.0000|0.00|||||||||||
02|15|7280|VARAL DE ACO REVESTIDO PVC 10 MTS|789674137280-2|73239900|||5102|PC|20.0000|5.8500|117.00||PC|20.0000|5.8500|0.00|0.00|0.00|||||||0|0||0.00|00|0|3|0.00|117.00|18.00|21.06|0|0.00|0.00|0.00|0.00|0.00|0.00|0.00|||0|52||||||0.00|0.00|0.00|0.00|01|117.00|0.65|0.76|0.0000|0.0000|117.00|0.00|0.0000|0.0000|0.00|01|117.00|3.00|3.51|0.00|0.0000|0.00|||||||||||
03|9488.09|1707.86|0.00|0.00|9488.09|0.00|0.00|0.00|0.00|900.16|0.00|0.00|0.00|10388.25|0.00|0.00|0.00|0.00|0.00|0.00|0.00|0.00|0.00|0.00|0.00|0.00||||233544||1|||NOSSO CARRO||||SP|0.00|0.00|0.00|0.00|5101|1200054|||||||37|Volumes com Ferragens|LEROY MORU|001/037 a 037/037|429|394||000036|10388.25|0.00|10388.25|3000036/1|2010-11-10|10388.25|3000036/1|2010-11-10|10388.25|
04|MERCADORIA COM REDESPACHO PELO OPERADOR LOGISTICO: ID DO BRASIL LOGISTICA LTDA CNPJ: 04416849/0004-44 E  E.I. 165697-0 NO ENDERECO: AV: 31 MARCO,2350 ESQ. COM AV: TABOAO VIL. FLORIDA - SAO BERNARDO - CEP: 09660 000 - SP
99|||||||