01|35|6.101 - VENDAS FORA ESTADO|1|0|000007|2010-07-05||0|3550308|56991334000129|1|01438784001098||LEROY MERLIN S/A|contabilidadecuritiba@leroymerlin.com.br|AV:PRES.WENCESLAU BRAZ,88|88||PAROLIN|4106902|CURITIBA|PR|81030030|1058|BRASIL|3223-7772|9024079870|||||||||||||||||||
02|1|6011|CORDA MULTIUSO POLIETILENO 13 M|789674136011-3|56074900|||6101|PC|20.0000|3.2200|64.40||PC|20.0000|3.2200|0.00|0.00|0.00|||||||0|0||0.00|00|0|3|0.00|64.40|12.00|7.73|0|0.00|0.00|0.00|0.00|0.00|0.00|0.00|||0|52||||||0.00|0.00|0.00|0.00|01|64.40|0.65|0.42|0.0000|0.0000|64.40|0.00|0.0000|0.0000|0.00|01|64.40|3.00|1.93|0.00|0.0000|0.00|||||||||||
02|2|6873|VARAL DE TETO IPANEMA 1,40M|789674136873-7|73239900|||6101|PC|10.0000|31.9700|319.70||PC|10.0000|31.9700|0.00|0.00|0.00|||||||0|0||0.00|00|0|3|0.00|319.70|12.00|38.36|0|0.00|0.00|0.00|0.00|0.00|0.00|0.00|||0|50|319.70|||10.00|31.97|0.00|0.00|0.00|0.00|01|319.70|0.65|2.08|0.0000|0.0000|319.70|0.00|0.0000|0.0000|0.00|01|319.70|3.00|9.59|0.00|0.0000|0.00|||||||||||
02|3|6896|VARAL DE PAREDE PARATI 1,0M|789674136896-6|73239900|||6101|PC|6.0000|34.9600|209.76||PC|6.0000|34.9600|0.00|0.00|0.00|||||||0|0||0.00|00|0|3|0.00|209.76|12.00|25.17|0|0.00|0.00|0.00|0.00|0.00|0.00|0.00|||0|50|209.76|||10.00|20.98|0.00|0.00|0.00|0.00|01|209.76|0.65|1.36|0.0000|0.0000|209.76|0.00|0.0000|0.0000|0.00|01|209.76|3.00|6.29|0.00|0.0000|0.00|||||||||||
02|4|6898|VARAL DE PAREDE PARATI 1,2M|789674136898-0|73239900|||6101|PC|6.0000|37.4900|224.94||PC|6.0000|37.4900|0.00|0.00|0.00|||||||0|0||0.00|00|0|3|0.00|224.94|12.00|26.99|0|0.00|0.00|0.00|0.00|0.00|0.00|0.00|||0|50|224.94|||10.00|22.49|0.00|0.00|0.00|0.00|01|224.94|0.65|1.46|0.0000|0.0000|224.94|0.00|0.0000|0.0000|0.00|01|224.94|3.00|6.75|0.00|0.0000|0.00|||||||||||
02|5|6992|VARAL PORTATIL BALCONY|789674136992-5|73239900|||6101|PC|6.0000|14.0400|84.24||PC|6.0000|14.0400|0.00|0.00|0.00|||||||0|0||0.00|00|0|3|0.00|84.24|12.00|10.11|0|0.00|0.00|0.00|0.00|0.00|0.00|0.00|||0|50|84.24|||10.00|8.42|0.00|0.00|0.00|0.00|01|84.24|0.65|0.55|0.0000|0.0000|84.24|0.00|0.0000|0.0000|0.00|01|84.24|3.00|2.53|0.00|0.0000|0.00|||||||||||
02|6|6996|MINI VARAL FLY  C/ 12 PREGADORES|789674136996-3|39249000|||6102|PC|10.0000|6.8900|68.90||PC|10.0000|6.8900|0.00|0.00|0.00|||||||0|0||0.00|00|0|3|0.00|68.90|12.00|8.27|0|0.00|0.00|0.00|0.00|0.00|0.00|0.00|||0|52||||||0.00|0.00|0.00|0.00|01|68.90|0.65|0.45|0.0000|0.0000|68.90|0.00|0.0000|0.0000|0.00|01|68.90|3.00|2.07|0.00|0.0000|0.00|||||||||||
02|7|7004|VARAL DE CHAO RENOVAR C/ ASAS|789674137004-4|73239900|||6101|PC|40.0000|36.3800|1455.20||PC|40.0000|36.3800|0.00|0.00|0.00|||||||0|0||0.00|00|0|3|0.00|1455.20|12.00|174.62|0|0.00|0.00|0.00|0.00|0.00|0.00|0.00|||0|50|1455.20|||10.00|145.52|0.00|0.00|0.00|0.00|01|1455.20|0.65|9.46|0.0000|0.0000|1455.20|0.00|0.0000|0.0000|0.00|01|1455.20|3.00|43.66|0.00|0.0000|0.00|||||||||||
02|8|7009|VARAL BRISA DE CHAO EM ACO|789674137009-9|73239900|||6101|PC|6.0000|26.4900|158.94||PC|6.0000|26.4900|0.00|0.00|0.00|||||||0|0||0.00|00|0|3|0.00|158.94|12.00|19.07|0|0.00|0.00|0.00|0.00|0.00|0.00|0.00|||0|50|158.94|||10.00|15.89|0.00|0.00|0.00|0.00|01|158.94|0.65|1.03|0.0000|0.0000|158.94|0.00|0.0000|0.0000|0.00|01|158.94|3.00|4.77|0.00|0.0000|0.00|||||||||||
02|9|7074|VARAL DE PISO PORTO SEGURO|789674137074-7|73239900|||6101|PC|6.0000|82.9100|497.46||PC|6.0000|82.9100|0.00|0.00|0.00|||||||0|0||0.00|00|0|3|0.00|497.46|12.00|59.70|0|0.00|0.00|0.00|0.00|0.00|0.00|0.00|||0|50|497.46|||10.00|49.75|0.00|0.00|0.00|0.00|01|497.46|0.65|3.23|0.0000|0.0000|497.46|0.00|0.0000|0.0000|0.00|01|497.46|3.00|14.92|0.00|0.0000|0.00|||||||||||
02|10|7115|VARAL DE PISO ITAUANAS|789674137115-7|76151900|||6101|PC|10.0000|84.1700|841.70||PC|10.0000|84.1700|0.00|0.00|0.00|||||||0|0||0.00|00|0|3|0.00|841.70|12.00|101.01|0|0.00|0.00|0.00|0.00|0.00|0.00|0.00|||0|50|841.70|||10.00|84.17|0.00|0.00|0.00|0.00|01|841.70|0.65|5.47|0.0000|0.0000|841.70|0.00|0.0000|0.0000|0.00|01|841.70|3.00|25.25|0.00|0.0000|0.00|||||||||||
02|11|7263|VARAL STENDMAX 3 MODULOS REGUL.4,8M|789674137263-5|39249000|||6101|PC|6.0000|36.9300|221.58||PC|6.0000|36.9300|0.00|0.00|0.00|||||||0|0||0.00|00|0|3|0.00|221.58|12.00|26.59|0|0.00|0.00|0.00|0.00|0.00|0.00|0.00|||0|50|221.58|||10.00|22.16|0.00|0.00|0.00|0.00|01|221.58|0.65|1.44|0.0000|0.0000|221.58|0.00|0.0000|0.0000|0.00|01|221.58|3.00|6.65|0.00|0.0000|0.00|||||||||||
02|12|7267|VARAL STENDMAX 3 MODULOS REGUL.6,0M|789674137267-3|39249000|||6101|PC|12.0000|40.6300|487.56||PC|12.0000|40.6300|0.00|0.00|0.00|||||||0|0||0.00|00|0|3|0.00|487.56|12.00|58.51|0|0.00|0.00|0.00|0.00|0.00|0.00|0.00|||0|50|487.56|||10.00|48.76|0.00|0.00|0.00|0.00|01|487.56|0.65|3.17|0.0000|0.0000|487.56|0.00|0.0000|0.0000|0.00|01|487.56|3.00|14.63|0.00|0.0000|0.00|||||||||||
02|13|7272|VARAL AUTOMATICO C/ 5 CORDAS|789674137272-7|39249000|||6102|PC|6.0000|16.3900|98.34||PC|6.0000|16.3900|0.00|0.00|0.00|||||||0|0||0.00|00|1|3|0.00|98.34|12.00|11.80|0|0.00|0.00|0.00|0.00|0.00|0.00|0.00|||0|50|98.34|||10.00|9.83|0.00|0.00|0.00|0.00|01|98.34|0.65|0.64|0.0000|0.0000|98.34|0.00|0.0000|0.0000|0.00|01|98.34|3.00|2.95|0.00|0.0000|0.00|||||||||||
02|14|7280|VARAL DE ACO REVESTIDO PVC 10 MTS|789674137280-2|73239900|||6102|PC|20.0000|5.4500|109.00||PC|20.0000|5.4500|0.00|0.00|0.00|||||||0|0||0.00|00|0|3|0.00|109.00|12.00|13.08|0|0.00|0.00|0.00|0.00|0.00|0.00|0.00|||0|52||||||0.00|0.00|0.00|0.00|01|109.00|0.65|0.71|0.0000|0.0000|109.00|0.00|0.0000|0.0000|0.00|01|109.00|3.00|3.27|0.00|0.0000|0.00|||||||||||
02|15|7289|VARAL PAREDE POLIMAX COM 5 CORDAS|789674137289-5|73239900|||6101|PC|6.0000|24.3600|146.16||PC|6.0000|24.3600|0.00|0.00|0.00|||||||0|0||0.00|00|0|3|0.00|146.16|12.00|17.54|0|0.00|0.00|0.00|0.00|0.00|0.00|0.00|||0|50|146.16|||10.00|14.62|0.00|0.00|0.00|0.00|01|146.16|0.65|0.95|0.0000|0.0000|146.16|0.00|0.0000|0.0000|0.00|01|146.16|3.00|4.38|0.00|0.0000|0.00|||||||||||
03|4987.88|598.55|0.00|0.00|4987.88|0.00|0.00|0.00|0.00|474.56|0.00|0.00|0.00|5462.44|0.00|0.00|0.00|0.00|0.00|0.00|0.00|0.00|0.00|0.00|0.00|0.00||||233544||1|||NOSSO CARRO||||SP|0.00|0.00|0.00|0.00|6101|1200054||||||||Volumes com Ferragens|LEROY CURI||217|198||000007|5462.44|0.00|5462.44|3000007/1|2010-11-10|5462.44|3000007/1|2010-11-10|5462.44|
04|MERCADORIA COM REDESPACHO PELO OPERADOR LOGISTICO: ID DO BRASIL LOGISTICA LTDA CNPJ: 04416849/0004-44 E  E.I. 165697-0 NO ENDERECO: AV: 31 MARCO,2350 ESQ. COM AV: TABOAO VIL. FLORIDA - SAO BERNARDO - CEP: 09660 000 - SP
99|||||||