01|35|6.101 - VENDAS FORA ESTADO|1|0|000001|2010-07-05||0|3550308|56991334000129|1|01438784001411||LEROY MERLIN S/A|contabilidadefornecedorbrasilia@leroymerlin.com.b|SMAS TRECHO 3, S/N LOTE 5|S/N LOTE||ST MULT.ATIV.SUL|5300108|BRASILIA|DF|71215300|1058|BRASIL|3403-4583|0746117500278|||||||||||||||||||
02|1|6013|CESTO P/ PREGADOR DE PLASTICO|789674136013-7|39249000|||6102|PC|20.0000|1.7900|35.80||PC|20.0000|1.7900|0.00|0.00|0.00|||||||0|0||0.00|00|0|3|0.00|35.80|7.00|2.51|0|0.00|0.00|0.00|0.00|0.00|0.00|0.00|||0|52||||||0.00|0.00|0.00|0.00|01|35.80|0.65|0.23|0.0000|0.0000|35.80|0.00|0.0000|0.0000|0.00|01|35.80|3.00|1.07|0.00|0.0000|0.00|||||||||||
02|2|6112|PREGADORES DE ROUPAS PLASTICO-12PCS|789674136112-7|39249000|||6102|CT|20.0000|2.2000|44.00||PC|20.0000|2.2000|0.00|0.00|0.00|||||||0|0||0.00|00|0|3|0.00|44.00|7.00|3.08|0|0.00|0.00|0.00|0.00|0.00|0.00|0.00|||0|52||||||0.00|0.00|0.00|0.00|01|44.00|0.65|0.29|0.0000|0.0000|44.00|0.00|0.0000|0.0000|0.00|01|44.00|3.00|1.32|0.00|0.0000|0.00|||||||||||
02|3|6552|VARAL SANFONATTO TUBULAR DE 1,0M|789674136552-1|73239900|||6101|PC|5.0000|44.5100|222.55||PC|5.0000|44.5100|0.00|0.00|0.00|||||||0|0||0.00|00|0|3|0.00|222.55|7.00|15.58|0|0.00|0.00|0.00|0.00|0.00|0.00|0.00|||0|50|222.55|||10.00|22.26|0.00|0.00|0.00|0.00|01|222.55|0.65|1.45|0.0000|0.0000|222.55|0.00|0.0000|0.0000|0.00|01|222.55|3.00|6.68|0.00|0.0000|0.00|||||||||||
02|4|7002|VARAL CHAO EM ACO BUTTERFLY|789674137002-0|73239900|||6101|PC|10.0000|52.0800|520.80||PC|10.0000|52.0800|0.00|0.00|0.00|||||||0|0||0.00|00|0|3|0.00|520.80|7.00|36.46|0|0.00|0.00|0.00|0.00|0.00|0.00|0.00|||0|50|520.80|||10.00|52.08|0.00|0.00|0.00|0.00|01|520.80|0.65|3.39|0.0000|0.0000|520.80|0.00|0.0000|0.0000|0.00|01|520.80|3.00|15.62|0.00|0.0000|0.00|||||||||||
02|5|7010|ACESSORIOS P/VARAL DE TETO EM PE|789674137010-5|39249000|||6101|CJ|20.0000|7.0300|140.60||PC|20.0000|7.0300|0.00|0.00|0.00|||||||0|0||0.00|00|0|3|0.00|140.60|7.00|9.84|0|0.00|0.00|0.00|0.00|0.00|0.00|0.00|||0|50|140.60|||10.00|14.06|0.00|0.00|0.00|0.00|01|140.60|0.65|0.91|0.0000|0.0000|140.60|0.00|0.0000|0.0000|0.00|01|140.60|3.00|4.22|0.00|0.0000|0.00|||||||||||
02|6|7072|VARAL TETO  CAMBURI 1,28 M|789674137072-3|73239900|||6101|PC|10.0000|31.8700|318.70||PC|10.0000|31.8700|0.00|0.00|0.00|||||||0|0||0.00|00|0|3|0.00|318.70|7.00|22.31|0|0.00|0.00|0.00|0.00|0.00|0.00|0.00|||0|50|318.70|||10.00|31.87|0.00|0.00|0.00|0.00|01|318.70|0.65|2.07|0.0000|0.0000|318.70|0.00|0.0000|0.0000|0.00|01|318.70|3.00|9.56|0.00|0.0000|0.00|||||||||||
02|7|7091|VARAL DE TETO EM ACO 0,90X0,56 M|789674137091-4|73239900|||6101|PC|10.0000|16.7900|167.90||PC|10.0000|16.7900|0.00|0.00|0.00|||||||0|0||0.00|00|0|3|0.00|167.90|7.00|11.75|0|0.00|0.00|0.00|0.00|0.00|0.00|0.00|||0|50|167.90|||10.00|16.79|0.00|0.00|0.00|0.00|01|167.90|0.65|1.09|0.0000|0.0000|167.90|0.00|0.0000|0.0000|0.00|01|167.90|3.00|5.04|0.00|0.0000|0.00|||||||||||
02|8|7092|VARAL DE TETO EM ACO 1,20X0,56 M|789674137092-1|73239900|||6101|PC|20.0000|18.1000|362.00||PC|20.0000|18.1000|0.00|0.00|0.00|||||||0|0||0.00|00|0|3|0.00|362.00|7.00|25.34|0|0.00|0.00|0.00|0.00|0.00|0.00|0.00|||0|50|362.00|||10.00|36.20|0.00|0.00|0.00|0.00|01|362.00|0.65|2.35|0.0000|0.0000|362.00|0.00|0.0000|0.0000|0.00|01|362.00|3.00|10.86|0.00|0.0000|0.00|||||||||||
02|9|7093|VARAL DE TETO EM ACO 1,40X0,56 M|789674137093-8|73239900|||6101|PC|10.0000|21.7700|217.70||PC|10.0000|21.7700|0.00|0.00|0.00|||||||0|0||0.00|00|0|3|0.00|217.70|7.00|15.24|0|0.00|0.00|0.00|0.00|0.00|0.00|0.00|||0|50|217.70|||10.00|21.77|0.00|0.00|0.00|0.00|01|217.70|0.65|1.42|0.0000|0.0000|217.70|0.00|0.0000|0.0000|0.00|01|217.70|3.00|6.53|0.00|0.0000|0.00|||||||||||
02|10|7259|VARAL TOALHEIRO 56 CM|789674137259-8|73239900|||6101|PC|20.0000|16.6300|332.60||PC|20.0000|16.6300|0.00|0.00|0.00|||||||0|0||0.00|00|0|3|0.00|332.60|7.00|23.28|0|0.00|0.00|0.00|0.00|0.00|0.00|0.00|||0|50|332.60|||10.00|33.26|0.00|0.00|0.00|0.00|01|332.60|0.65|2.16|0.0000|0.0000|332.60|0.00|0.0000|0.0000|0.00|01|332.60|3.00|9.98|0.00|0.0000|0.00|||||||||||
02|11|7261|VARAL STENDMAX 1 MODULO REGUL.4,8 M|789674137261-1|39249000|||6101|PC|6.0000|16.6300|99.78||PC|6.0000|16.6300|0.00|0.00|0.00|||||||0|0||0.00|00|0|3|0.00|99.78|7.00|6.98|0|0.00|0.00|0.00|0.00|0.00|0.00|0.00|||0|50|99.78|||10.00|9.98|0.00|0.00|0.00|0.00|01|99.78|0.65|0.65|0.0000|0.0000|99.78|0.00|0.0000|0.0000|0.00|01|99.78|3.00|2.99|0.00|0.0000|0.00|||||||||||
02|12|7263|VARAL STENDMAX 3 MODULOS REGUL.4,8M|789674137263-5|39249000|||6101|PC|6.0000|34.9400|209.64||PC|6.0000|34.9400|0.00|0.00|0.00|||||||0|0||0.00|00|0|3|0.00|209.64|7.00|14.67|0|0.00|0.00|0.00|0.00|0.00|0.00|0.00|||0|50|209.64|||10.00|20.96|0.00|0.00|0.00|0.00|01|209.64|0.65|1.36|0.0000|0.0000|209.64|0.00|0.0000|0.0000|0.00|01|209.64|3.00|6.29|0.00|0.0000|0.00|||||||||||
02|13|7266|VARAL STENDMAX 2 MODULOS REGUL.6,0M|789674137266-6|39249000|||6101|PC|6.0000|28.3500|170.10||PC|6.0000|28.3500|0.00|0.00|0.00|||||||0|0||0.00|00|0|3|0.00|170.10|7.00|11.91|0|0.00|0.00|0.00|0.00|0.00|0.00|0.00|||0|50|170.10|||10.00|17.01|0.00|0.00|0.00|0.00|01|170.10|0.65|1.11|0.0000|0.0000|170.10|0.00|0.0000|0.0000|0.00|01|170.10|3.00|5.10|0.00|0.0000|0.00|||||||||||
02|14|7282|VARAL DE ACO REVESTIDO PVC 20 M|789674137282-6|73239900|||6102|PC|20.0000|9.0000|180.00||PC|20.0000|9.0000|0.00|0.00|0.00|||||||0|0||0.00|00|0|3|0.00|180.00|7.00|12.60|0|0.00|0.00|0.00|0.00|0.00|0.00|0.00|||0|52||||||0.00|0.00|0.00|0.00|01|180.00|0.65|1.17|0.0000|0.0000|180.00|0.00|0.0000|0.0000|0.00|01|180.00|3.00|5.40|0.00|0.0000|0.00|||||||||||
02|15|9901|PROTETOR DE PIA C/ VENTOSA|789674139901-4|39241000|||6101|PC|20.0000|3.8800|77.60||PC|20.0000|3.8800|0.00|0.00|0.00|||||||0|0||0.00|00|0|3|0.00|77.60|7.00|5.43|0|0.00|0.00|0.00|0.00|0.00|0.00|0.00|||0|50|77.60|||10.00|7.76|0.00|0.00|0.00|0.00|01|77.60|0.65|0.50|0.0000|0.0000|77.60|0.00|0.0000|0.0000|0.00|01|77.60|3.00|2.33|0.00|0.0000|0.00|||||||||||
03|3099.77|216.98|0.00|0.00|3099.77|0.00|0.00|0.00|0.00|284.00|0.00|0.00|0.00|3383.77|0.00|0.00|0.00|0.00|0.00|0.00|0.00|0.00|0.00|0.00|0.00|0.00||||233544||1|||NOSSO CARRO||||SP|0.00|0.00|0.00|0.00|6101|1200054|||||||18|Volumes com Ferragens|LEROYDF|001/018 a 018/018|146|134||000001|3383.77|0.00|3383.77|3000001/1|2010-11-10|3383.77|3000001/1|2010-11-10|3383.77|
04|MERCADORIA COM REDESPACHO PELO OPERADOR LOGISTICO: ID DO BRASIL LOGISTICA LTDA CNPJ: 04416849/0004-44 E  E.I. 165697-0 NO ENDERECO: AV: 31 MARCO,2350 ESQ. COM AV: TABOAO VIL. FLORIDA - SAO BERNARDO - CEP: 09660 000 - SP
99|||||||