01|35|.    -|1|0||2010-07-01|2010-07-01|1|3550308|56991334000129|1||||MICHELEMELDUTRA@GMAIL.COM JOSEEDUTRA@GMAIL.COM||516||||||21020050|1058|Brasil|||||||||||||||||||||
02|1|1605|TUBO EXT. P/ CORTINAS 1,35X1,48M|789674131605-9|83024900|||5101|PC|25.0000|2.2700|56.75||PC|25.0000|2.2700|0.00|0.00|0.00|||||||0|0||0.00|00|0|3|0.00|56.75|18.00|10.22|0|0.00|0.00|0.00|0.00|0.00|0.00|0.00|||0|50|56.75|||10.00|5.68|0.00|0.00|0.00|0.00|01|56.75|0.65|0.37|0.0000|0.0000|56.75|0.00|0.0000|0.0000|0.00|01|56.75|3.00|1.70|0.00|0.0000|0.00|||||||||||
02|2|1606|TUBO EXT. P/ CORTINAS1,50 A 1,63 M|789674131606-6|83024900|||5101|PC|50.0000|2.5700|128.50||PC|50.0000|2.5700|0.00|0.00|0.00|||||||0|0||0.00|00|0|3|0.00|128.50|18.00|23.12|0|0.00|0.00|0.00|0.00|0.00|0.00|0.00|||0|50|128.50|||10.00|12.85|0.00|0.00|0.00|0.00|01|128.50|0.65|0.84|0.0000|0.0000|128.50|0.00|0.0000|0.0000|0.00|01|128.50|3.00|3.86|0.00|0.0000|0.00|||||||||||
02|3|1711|SECADOR PORTATIL PISO 0,80X0,50M|789674131711-7|73239900|||5101|PC|40.0000|9.7000|388.00||PC|40.0000|9.7000|0.00|0.00|0.00|||||||0|0||0.00|00|0|3|0.00|388.00|18.00|69.84|0|0.00|0.00|0.00|0.00|0.00|0.00|0.00|||0|50|388.00|||10.00|38.80|0.00|0.00|0.00|0.00|01|388.00|0.65|2.52|0.0000|0.0000|388.00|0.00|0.0000|0.0000|0.00|01|388.00|3.00|11.64|0.00|0.0000|0.00|||||||||||
02|4|1741|SECADOR  SANF. 1,00X0,36M REN.|789674131741-4|73239900|||5101|PC|42.0000|6.2100|260.82||PC|42.0000|6.2100|0.00|0.00|0.00|||||||0|0||0.00|00|0|3|0.00|260.82|18.00|46.95|0|0.00|0.00|0.00|0.00|0.00|0.00|0.00|||0|50|260.82|||10.00|26.08|0.00|0.00|0.00|0.00|01|260.82|0.65|1.70|0.0000|0.0000|260.82|0.00|0.0000|0.0000|0.00|01|260.82|3.00|7.82|0.00|0.0000|0.00|||||||||||
02|5|1870|SECADOR TETO RENOVAR 1,00 X0,50M|789674131870-1|73239900|||5101|PC|30.0000|5.6400|169.20||PC|30.0000|5.6400|0.00|0.00|0.00|||||||0|0||0.00|00|0|3|0.00|169.20|18.00|30.46|0|0.00|0.00|0.00|0.00|0.00|0.00|0.00|||0|50|169.20|||10.00|16.92|0.00|0.00|0.00|0.00|01|169.20|0.65|1.10|0.0000|0.0000|169.20|0.00|0.0000|0.0000|0.00|01|169.20|3.00|5.08|0.00|0.0000|0.00|||||||||||
02|6|1872|SECADOR TETO RENOVAR 1,20X0,50M|789674131872-5|73239900|||5101|PC|10.0000|6.0300|60.30||PC|10.0000|6.0300|0.00|0.00|0.00|||||||0|0||0.00|00|0|3|0.00|60.30|18.00|10.85|0|0.00|0.00|0.00|0.00|0.00|0.00|0.00|||0|50|60.30|||10.00|6.03|0.00|0.00|0.00|0.00|01|60.30|0.65|0.39|0.0000|0.0000|60.30|0.00|0.0000|0.0000|0.00|01|60.30|3.00|1.81|0.00|0.0000|0.00|||||||||||
02|7|1873|SECADOR TETO 1,40 X 0,50M  REN.|789674131873-2|73239900|||5101|PC|20.0000|6.6800|133.60||PC|20.0000|6.6800|0.00|0.00|0.00|||||||0|0||0.00|00|0|3|0.00|133.60|18.00|24.05|0|0.00|0.00|0.00|0.00|0.00|0.00|0.00|||0|50|133.60|||10.00|13.36|0.00|0.00|0.00|0.00|01|133.60|0.65|0.87|0.0000|0.0000|133.60|0.00|0.0000|0.0000|0.00|01|133.60|3.00|4.01|0.00|0.0000|0.00|||||||||||
02|8|2609|SECADOR PISO RENOVAR 0,77X0,48M|789674132609-6|73239900|||5101|PC|12.0000|8.2300|98.76||PC|12.0000|8.2300|0.00|0.00|0.00|||||||0|0||0.00|00|0|3|0.00|98.76|18.00|17.78|0|0.00|0.00|0.00|0.00|0.00|0.00|0.00|||0|50|98.76|||10.00|9.88|0.00|0.00|0.00|0.00|01|98.76|0.65|0.64|0.0000|0.0000|98.76|0.00|0.0000|0.0000|0.00|01|98.76|3.00|2.96|0.00|0.0000|0.00|||||||||||
02|9|2765|SECADOR REGUL. 1 MODULO 6,0M|0|39249000|||5101|PC|24.0000|4.9500|118.80||PC|24.0000|4.9500|0.00|0.00|0.00|||||||0|0||0.00|00|0|3|0.00|118.80|18.00|21.38|0|0.00|0.00|0.00|0.00|0.00|0.00|0.00|||0|50|118.80|||10.00|11.88|0.00|0.00|0.00|0.00|01|118.80|0.65|0.77|0.0000|0.0000|118.80|0.00|0.0000|0.0000|0.00|01|118.80|3.00|3.56|0.00|0.0000|0.00|||||||||||
03|1414.73|254.65|0.00|0.00|1414.73|0.00|0.00|0.00|0.00|141.48|0.00|0.00|0.00|1556.21|0.00|0.00|0.00|0.00|0.00|0.00|0.00|0.00|0.00|0.00|0.00|0.00||||239852|0061390|0|44765261000178||TRANSOUZA TRANSP RODOV LTDA|453008339116|RUA ARAUJO FIGUEIREDO ,96-PROX. PONTE CASA VERDE|SAO PAULO||0.00|0.00|0.00|0.00|.|12|||||||26|Volumes com Ferragens||001/026 a 026/026|0|0|||0.00|0.00|0.00||-  -|0.00|
04|
99|||||||