01|35|6.101 - VENDAS FORA ESTADO|1|0|000043|2010-07-05||1|3550308|56991334000129|1|93015006001438||COMPANHIA ZAFFARI COM E IND|nfe@zaffari.com.br|AV SERTORIO|3612||Navegantes|4314902|PORTO ALEGRE|RS|91030541|1058|BRASIL|3337-31-11|0960556869|||||||||||||||||||
02|1|1302/6|TUBO EXTEN.FACIL FIX 0,90X1,40 M|789674131302-7|83024900|||6401|PC|36.0000|14.8900|536.04||PC|36.0000|14.8900|0.00|0.00|0.00|||||||0|0||0.00|10|0|3|0.00|536.04|12.00|64.32|4|0.00|0.00|43.34|143.68|0.00|0.00|0.00|||0|50|536.04|||10.00|53.60|0.00|0.00|0.00|0.00|01|536.04|0.65|3.48|0.0000|0.0000|536.04|0.00|0.0000|0.0000|0.00|01|536.04|3.00|16.08|0.00|0.0000|0.00|||||||||||
02|2|1332/6|TUBO EXTEN.PRONTO FIX 0,90 A 1,03 M|789674131332-4|83024900|||6401|PC|24.0000|5.1400|123.36||PC|24.0000|5.1400|0.00|0.00|0.00|||||||0|0||0.00|10|0|3|0.00|123.36|12.00|14.81|4|0.00|0.00|43.34|33.07|0.00|0.00|0.00|||0|50|123.36|||10.00|12.34|0.00|0.00|0.00|0.00|01|123.36|0.65|0.80|0.0000|0.0000|123.36|0.00|0.0000|0.0000|0.00|01|123.36|3.00|3.70|0.00|0.0000|0.00|||||||||||
02|3|6552|VARAL SANFONATTO TUBULAR DE 1,0M|789674136552-1|73239900|||6401|PC|30.0000|34.1200|1023.60||PC|30.0000|34.1200|0.00|0.00|0.00|||||||0|0||0.00|10|0|3|0.00|1023.60|12.00|122.83|4|0.00|0.00|80.24|345.00|0.00|0.00|0.00|||0|50|1023.60|||10.00|102.36|0.00|0.00|0.00|0.00|01|1023.60|0.65|6.65|0.0000|0.0000|1023.60|0.00|0.0000|0.0000|0.00|01|1023.60|3.00|30.71|0.00|0.0000|0.00|||||||||||
02|4|6994|VARAL CARROSSEL c/ 12 PREGADORES|789674136994-9|39249000|||6102|PC|60.0000|17.4100|1044.60||PC|60.0000|17.4100|0.00|0.00|0.00|||||||0|0||0.00|00|0|3|0.00|1044.60|12.00|125.35|0|0.00|0.00|0.00|0.00|0.00|0.00|0.00|||0|52||||||0.00|0.00|0.00|0.00|01|1044.60|0.65|6.79|0.0000|0.0000|1044.60|0.00|0.0000|0.0000|0.00|01|1044.60|3.00|31.34|0.00|0.0000|0.00|||||||||||
02|5|7003|VARAL DOBRAVEL|789674137003-7|73239900|||6401|PC|100.0000|16.5900|1659.00||PC|100.0000|16.5900|0.00|0.00|0.00|||||||0|0||0.00|10|0|3|0.00|1659.00|12.00|199.08|4|0.00|0.00|80.24|559.16|0.00|0.00|0.00|||0|50|1659.00|||10.00|165.90|0.00|0.00|0.00|0.00|01|1659.00|0.65|10.78|0.0000|0.0000|1659.00|0.00|0.0000|0.0000|0.00|01|1659.00|3.00|49.77|0.00|0.0000|0.00|||||||||||
02|6|7004|VARAL DE CHAO RENOVAR C/ ASAS|789674137004-4|73239900|||6401|PC|100.0000|34.0000|3400.00||PC|100.0000|34.0000|0.00|0.00|0.00|||||||0|0||0.00|10|0|3|0.00|3400.00|12.00|408.00|4|0.00|0.00|80.24|1145.97|0.00|0.00|0.00|||0|50|3400.00|||10.00|340.00|0.00|0.00|0.00|0.00|01|3400.00|0.65|22.10|0.0000|0.0000|3400.00|0.00|0.0000|0.0000|0.00|01|3400.00|3.00|102.00|0.00|0.0000|0.00|||||||||||
02|7|7259|VARAL TOALHEIRO 56 CM|789674137259-8|73239900|||6401|PC|100.0000|19.6300|1963.00||PC|100.0000|19.6300|0.00|0.00|0.00|||||||0|0||0.00|10|0|3|0.00|1963.00|12.00|235.56|4|0.00|0.00|80.24|661.63|0.00|0.00|0.00|||0|50|1963.00|||10.00|196.30|0.00|0.00|0.00|0.00|01|1963.00|0.65|12.76|0.0000|0.0000|1963.00|0.00|0.0000|0.0000|0.00|01|1963.00|3.00|58.89|0.00|0.0000|0.00|||||||||||
03|9749.60|1169.95|16991.23|1843.92|9749.60|0.00|0.00|0.00|0.00|870.50|0.00|0.00|0.00|12464.02|0.00|0.00|0.00|0.00|0.00|0.00|0.00|0.00|0.00|0.00|0.00|0.00||||233544||1|01522487000135||TRANSGEL TRANSPORTES LTDA|115468263111|AV. PROJECTA, 545|GUARULHOS|SP|0.00|0.00|0.00|0.00|6101|3518800|||||||59|Volumes com Ferragens|ZAFFARI|001/059 a 059/059|624|566||000043|12464.02|0.00|12464.02|3000043/1|2010-09-18|12464.02|3000043/1|2010-09-18|12464.02|
04|
99|||||||